NC1	NC2	NC3	NC4	PDR1	PDR2	PDR3	PDR4
O00533	15.0495507927445	15.1381517839469	14.1175619393941	14.5986341147798	14.9433847714432	14.46192702259	15.7499479691962	13.5767205250802
O14773	15.6839540867418	17.224208986401	16.9439799143437	16.7892789093749	15.5043224482919	15.4590793551657	14.4494711001813	15.2972745425014
O15537	15.9820131498921	17.382201827912	16.2154382022241	16.7103490630335	14.3534914649113	15.1281957556175	14.5066175115062	15.1707075013481
O43505	16.9746610530563	17.3450760007804	17.2304145403313	17.6645583935658	16.1518688031414	16.1088715308509	16.0253342506676	16.1147997113068
O75326	16.1034722320694	17.0168300463159	16.4643542972063	16.5995206258809	14.9342437295386	15.5139434413236	15.3024604320654	15.4930736108678
O75882	14.4625022725973	14.4633966502804	14.1625486821999	14.3888245380236	14.6443069615456	15.2080056797605	14.2166700844071	14.1643570143226
O94985	19.1723103005395	20.0698588031041	18.8873574802883	19.3702659576245	18.0096864923123	18.0325193133941	17.2865397133686	17.1771859220806
P00450	21.7029048475113	21.5234872986999	21.2055021385911	21.3774541510445	21.9001386036792	21.4934567646122	21.5027599502727	21.979734990474
P00734	18.7551875106267	18.0871623866251	18.2415363334906	18.2624711100255	19.03095804237	18.5965974369612	18.9854584033868	19.1934724211845
P00746	15.196525287289	15.5958110922039	15.7389103009668	16.0947787337411	15.2400832243791	15.257977058564	13.5262546938286	15.0290714968683
P00747	19.047746988055	18.5164541242579	18.270660334707	18.4202892222195	19.6006316285921	19.0037429862485	18.69842659349	19.0207412635222
P00748	17.1515517403727	16.2560243586	15.8056683100275	16.3873947196408	17.176406929059	16.6490596575702	17.3618752550565	17.0344550953272
P00751	20.3889001948092	19.9954856230165	20.3606756511047	19.4816023717918	20.9123981900748	20.5125823044921	20.6441203309443	20.829815625406
P01008	20.5980525001616	20.5453830758928	20.9620459083474	20.6791707995991	21.1239521350902	20.6514091243884	20.9092514751517	21.4342555994849
P01009	19.6493228478464	19.5919496045666	19.6159564533598	19.2231485537138	20.0715618712275	19.5035656729987	19.8801245654973	19.866258674518
P01011	20.734464864116	20.6144115040972	21.3137377780924	20.9332267153699	21.1119710761528	20.7744267525802	21.1419574337696	21.3501903164548
P01019	19.3519701232695	19.5470790342083	19.4487938618266	19.6090632809741	21.2465550547927	19.6000145104927	20.3418011149224	19.6956598988175
P01023	15.0451197244889	14.5412176417361	14.7101068669078	14.3521813969179	14.258934021404	15.0591331790935	13.6426158406851	13.4182479363056
P01024	22.96611885531	22.3631380453755	22.715486141928	22.5208766487946	23.1897558018761	23.1580462719864	22.9992589084287	23.0177578824287
P01031	18.0744132807716	17.2763061850314	17.5130644403256	17.3658952171607	17.9903699229404	17.9813108453995	18.0038253216736	18.2847789249482
P01042	19.1894722954084	19.0946550441272	19.5267284627222	19.0698063691132	20.1392115820107	19.430330034996	19.6699991975406	19.7801103910837
P01834	13.7607199474656	15.0597246899836	14.8667959585115	14.6120045562862	14.3581017074408	15.6252236781153	14.582612451267	14.4945431166983
P02647	20.2885011377435	20.3584237016484	20.9361059161277	20.8960781027131	20.6542968781412	20.3524012611257	20.4622386448159	20.1154044007739
P02649	17.6499718453164	18.934681429932	19.3763840321383	20.1195896207411	19.241070752746	18.3544043613901	19.7778171529647	18.6958467753134
P02652	15.1116654959545	14.5795516528066	15.9924737036406	16.1235354212017	16.890240523285	15.4447884367548	16.5821860947026	14.9039289057411
P02743	13.2076702189297	13.7004397181411	14.4238381276264	13.1302005110468	15.8497227325704	15.1109726077829	15.5776058494525	15.3731370358021
P02746	15.4704682305134	15.5753324236615	15.7989273810204	16.3448853503623	15.2349296696227	15.8135808029896	15.6564527962292	14.9781741744682
P02747	15.7892024799247	15.8197300452553	15.0454183970308	16.1157752193448	16.5620336858801	15.5705969346105	15.5423064225826	15.4270181459334
P02748	18.1149725055896	17.6637248672792	18.6771071038734	17.7126344677601	18.6046907626935	18.318622243299	18.5714489891743	18.9252067047558
P02749	18.44677638836	17.6444196324848	18.2476216053432	18.8171585514194	19.3105018418134	18.913392003178	17.9533893862722	19.1807833034985
P02750	18.9888455343974	18.2922587148551	19.5003595315683	18.5163002203703	19.4724687323928	18.7435327446344	19.6468996843104	19.7396158188561
P02753	18.0439350923967	18.0952218677955	18.4379470882125	18.8950130992511	18.982230460585	18.3268068952028	18.2239262805559	19.1591864379348
P02760	17.3122980178277	16.2228892182371	17.6081248488011	18.104670411535	17.8179704401675	17.7424147077131	17.6264220246702	18.5185302214105
P02765	19.1493452345485	19.109932651171	19.3870917526712	19.5736878632995	19.9792465444687	19.9117108895097	19.4401392024305	19.6546465164443
P02766	21.5613215117813	21.6618389740995	21.6183604074522	21.5923146820762	21.2075291496022	21.0220832992124	21.5882022239126	21.8538044830506
P02768	22.86529226722	23.0996970989011	23.3497585172699	23.094084775179	22.8581183849322	23.1260339009622	22.7539112276985	23.1381961661103
P02774	21.3932542765605	21.0697932603178	21.05920184905	21.2218160169114	21.9698291444995	21.2533235304184	21.3724676284363	21.8192887856834
P02787	17.7228742222612	18.580714932549	18.4952148388082	18.0115439460448	17.7851970108687	17.6355197474601	17.9766759905918	17.5376127577124
P02790	21.2857950266741	21.2688229497899	21.3931495132868	21.1865858053239	21.7465290823399	21.4360872703877	21.0844009740136	21.7758738694881
P03952	15.0509114648754	14.1487943214243	14.3404064908533	14.5291254865759	15.4437206006566	14.647233549977	15.6588530090694	15.6835703620916
P04004	18.4475837163278	17.5801260473769	18.1672711245798	17.5739281969285	19.0583564528218	18.4126608062305	18.7890559788266	18.6202771105455
P04196	17.8083860562816	18.1735307515394	18.5792054328087	18.7072175628414	18.2017984765622	18.871983423222	18.4890717889284	18.8991503704804
P04217	20.612702948671	20.4089350493914	20.4485922413888	20.1161662534799	20.9200533097004	20.3679436515687	20.9283911437831	20.6982909285356
P04264	17.0499548762399	17.3873442295639	17.1455938750362	16.9048932977045	17.6122349911453	17.2845530273448	17.6151841855349	18.289604675243
P05067	16.8018346397202	17.401162852133	17.1339047892577	17.1383118033621	15.6567879494683	15.3040304018441	14.9542872031285	15.806549621986
P05090	16.4438500774384	15.1441802390589	15.4577014993465	16.1315555640211	15.8781946384704	15.8071033140692	15.3655706148327	16.1525027197115
P05154	17.0126900033333	15.6237957760224	16.7790524264282	16.6314044487285	17.0489976529111	16.9045405461544	17.0282082537365	16.7896609959031
P05155	20.791220133184	20.7685429634262	19.9003892417837	20.4537247812156	20.0330841848154	20.3182691716118	20.5801260473769	20.5208526759954
P05156	18.0599147669906	18.0812961818345	18.0188413017617	18.3303567169579	18.0460155566814	17.8684005819198	17.6610125761578	18.1383618057896
P05543	17.0935207282509	17.2141862908055	16.9356024706087	17.149171545911	17.9340478732039	17.2741233148015	17.1558064594647	17.9538440469152
P05546	18.0619196095716	17.3436021377457	18.2217098327252	17.48628510921	18.8639019216024	18.0646059480715	18.3954839294439	18.5656599435082
P06396	20.1422067977043	19.9261627747224	19.8924657374117	20.2563791727447	19.8092185993776	20.088224058171	19.3059014285605	19.721556502041
P06681	16.9655588459491	16.188009240605	16.6372192019111	16.3062041285893	17.2771239106173	16.7813597135247	16.9051284174966	17.1945067922824
P06727	19.528637244246	19.0208226345658	19.6662933614744	19.8436358739989	20.206337135124	20.1240152630592	20.5546862710713	20.2281140775193
P07225	16.2948002131271	15.6538806981163	15.8016073263144	15.8636055443214	15.6786001390995	15.5802291196355	15.8835979074554	15.5949368728343
P07339	19.7066949846653	20.4571363582255	19.8610414574771	20.3503522078359	19.6341197349654	19.7305895430668	19.0011057685382	19.6732296997513
P07357	15.6170369342877	15.2194710673944	16.4798434058126	15.8050888688913	16.4125036908937	16.1052333146352	16.4656461130389	16.5512876946094
P07358	15.2645525575485	14.9130763955548	15.126583490436	15.8067509891495	16.6386338863164	15.7936541075062	16.1831895098894	16.6435743858787
P07360	15.8098434764141	15.5182843214541	16.432052480696	16.7048222637795	16.6227096244563	16.4256093119391	16.8922581959182	16.6489192697882
P08185	17.3521641512492	17.1695727379707	17.818282583452	17.5894463366888	19.2150873972231	18.0688097610358	18.3991193448607	18.1074316490763
P08294	16.3593892533013	16.3152380293633	16.5519935765709	17.2100053893878	14.8393514362838	15.4568035829588	15.1912520340667	14.7020103080886
P08571	16.4090428174423	16.3596637810979	16.093355662529	16.1728181335743	16.4677169827639	16.0373324555243	16.1582151966638	16.1606593072174
P08603	18.2954909420821	17.61065000767	18.0268043810608	17.742875180794	18.5972523970152	18.8206838273059	18.4339195407522	18.8793020440849
P08697	17.9276390922982	17.684830788592	18.0664991799064	17.6561315346308	18.6906050615234	18.0791618246632	18.3792429726701	18.6074748072187
P09871	16.2139395740777	15.8463228884871	15.8408762500589	16.0244038356139	14.9780847743107	15.2893705255951	15.3243563713957	15.4959486891238
P0C0L4	16.4105838486378	17.1024678623593	15.9053399925524	17.4425709847361	16.0109214191905	16.6562013801946	17.3920490393642	16.4570762237993
P0C0L5	21.3845329325653	21.8602231392243	21.7635673808184	22.2478012183397	21.5589886387254	21.7171609680284	22.3384317273007	21.2368971013641
P0DOX5	16.040760609431	15.8835501795573	16.068169470599	15.0895746177302	15.6609151169887	16.4931830937501	15.7548614115224	15.2591179799685
P10643	16.1857465531287	15.6122349911453	14.8941546076811	16.6205635016216	14.4840046652617	16.6673333416052	15.995877538966	15.9176284819342
P10745	21.6011396453631	21.873726462062	21.3390300963853	21.5841697869207	20.9588641933751	21.5236787200742	20.2768513869177	20.9231040203184
P10909	21.2847789249482	21.0269529322144	21.6258693396669	20.9608447516948	21.0840765176891	20.7881957810226	21.0661181037886	20.6573533440664
P12109	14.0895332400456	14.2329455026843	14.2021238238305	14.6649472077551	14.2973461989467	13.3193898760002	14.6663904580126	13.9414144709429
P13645	16.1421669023711	16.6406121168489	16.6628908591391	16.3729330588419	16.7225407359694	16.7347625350066	17.0073339296735	17.8549535831041
P13671	16.1337242153741	14.2675913915057	13.6151698138436	14.7972562175098	16.3821680466808	16.193082535476	15.2379568133062	16.3601097773807
P16870	17.6209929816667	18.3997034995012	18.040300424742	18.539545065718	16.5949660220164	16.3908742745361	14.5640899323231	16.0292225113254
P19823	18.8254433020825	17.6006679214375	18.2376674538229	17.8607232777538	17.8011399584727	18.953076723943	17.5768090819694	17.380258121093
P19827	18.5146832375277	17.4261173060409	18.1327005362321	17.5275686377439	17.8102703724199	18.8838424881542	17.9063621681412	16.5789328181781
P22352	18.6094601262847	19.1961170102215	19.0792920588311	19.8801245654973	18.7478323929206	19.0487848503381	19.032250249248	18.9114036919029
P25311	19.0240466565246	18.6353071748253	19.2919440839547	19.4873258376722	19.5659945590822	19.0306617485433	19.4813855748371	20.2821789645234
P27169	16.1522650336381	14.7641977611468	16.099881982111	15.0571032985897	16.9791348764442	16.3639978223584	15.3890935219045	16.4601998950596
P29622	17.3484515374071	17.3373431472741	17.4454028931315	17.685036188546	17.9088265087322	17.6066076292478	17.5022257896295	17.9074188295953
P35527	15.5776648517648	15.9957229932774	15.1081160274119	13.9249980234467	15.7528510139018	15.6623624045052	16.1576627272085	16.6063762937293
P35858	15.7173283437512	15.5635240118679	14.9591869268449	14.3966047811819	16.2604050335537	14.9249052665083	15.9577822265669	15.7260318488727
P35908	14.7821791938312	15.4078652222249	13.9083926207737	15.5756869595215	16.0034520301075	16.1511553138975	16.4373294474424	16.9511708614341
P36222	17.5549485213619	17.6537547712582	17.3728820600954	18.5647672556982	16.9284489776627	17.301085305628	16.3466695457883	18.348192160957
P36955	21.6233260443655	22.2385306934646	22.1028714877944	21.8162836984202	21.3171100478437	21.0025073906676	21.6410356707123	21.325808304234
P41222	20.263503039763	21.0294490033761	20.5783763771164	20.9679664004823	19.4471599254764	19.4662876039213	19.3807020240109	19.6468996843104
P43652	18.763575485141	18.2673262061796	17.910876915202	18.0738905083482	18.717495700058	18.8485495911352	18.6627170467416	18.5295525631141
P51693	15.8965452727695	16.6033800412694	16.4133138918491	15.6405838755029	15.203577420972	15.2090725364841	15.4736423386337	14.5246641381375
P51884	17.8690636267182	17.2524806492235	17.047507375307	17.3258851434681	16.8846475219367	17.5574936178238	17.0606537173808	18.0836351399545
P55058	14.7501835689421	14.5332688886207	14.2292694622667	14.7068736939842	14.8177331660952	14.4868350215631	14.7388311559444	14.8951492268455
P61916	14.2568720813283	15.8906917774068	15.787545513471	16.792459876049	14.604900657146	14.1919845133603	13.3776172479708	13.911017407797
P63261	14.7493980867858	14.6447575925163	14.8984596804341	15.6446731099302	14.8377757427142	15.3876807967043	15.3622863183248	14.7034169710315
P98160	13.9141047885251	14.0191563255842	14.0718813000515	15.4463725548959	14.495230456532	13.9781741744682	14.6537407787066	15.1448573643373
Q06481	18.4878164868586	19.2120023310677	18.5623095122743	18.983038123631	16.5693067815376	17.1123784157591	15.3714363459425	16.8702683825635
Q12805	17.1702576157623	17.8037275265531	17.1809775012429	17.7137087009005	16.9688242644113	16.8464698099232	16.5923548349628	16.5972814994509
Q12860	14.8900267220584	15.6441661104963	14.4649285803855	14.8406304213329	13.7122045504387	13.967136177662	13.7978641373337	13.1909512243343
Q13449	14.0146307658542	15.1693378478626	15.2015113445001	14.9219803660688	14.7472489176472	14.4285564621952	14.3686428672224	14.1972166931101
Q13822	18.0899055964913	18.7136751432196	17.8813649379474	18.043080699928	17.3948143488595	17.6578766600897	16.9744369972955	17.2666401559308
Q14515	16.9754449743088	17.3236001727747	16.7629269954277	17.1594574799498	15.9927392262636	15.9465636485159	16.2651571730616	15.3114645154484
Q14520	14.7389894416477	14.5355183977687	14.7839701858299	14.708545071351	15.02228111	14.5729370250173	14.7848904024003	14.850040294277
Q14624	19.6342970268575	18.4804588934208	18.7011372169716	18.4541064758029	19.5220795716753	18.8766068723927	19.0006932674515	19.382370722204
Q16270	14.527965641134	15.0160682989638	15.3431163000443	15.6913345958664	14.8019609094713	14.5014018233019	15.0863850585073	14.0491678723722
Q86UD1	14.9799163711653	15.6912527972947	14.9948395573226	16.5620635074923	14.149985220736	14.7621743819931	15.3670734223028	14.2463694872266
Q92765	16.4652794187139	17.3398673963832	17.0171563863831	17.6098568624642	15.4751951060072	16.1178256991852	16.2317836860954	15.0029907718406
Q92823	15.4182479363056	16.241424607814	16.0112709410216	15.8299704293164	14.9074070931633	13.1353405502535	14.37646458356	14.4075333316713
Q96IY4	14.577546844727	14.8523344319864	14.2150779148228	14.9788444991233	15.1083202565484	14.8872206154684	14.7799245019679	15.3987436919382
Q96PD5	16.6928878881847	16.4518067446232	16.1112987142583	16.7621484228017	16.45365646732	16.7088683402117	16.6197041577815	16.8844090402367
Q99574	15.9161827086746	16.264515906039	15.9592548615347	16.7813597135247	14.8808748941027	14.4267888945956	14.0378043099981	13.6637804506831
Q9HCB6	16.8258780264906	17.4590793551657	16.8544057820061	17.3750903538895	15.6484418491188	15.7364547840665	15.668441828053	15.261764385718
Q9NQ79	15.6233099671914	16.7742980496905	16.1061948590445	16.3423177827528	13.6122925941095	14.8229193140274	14.4422307818716	14.5171157239534
Q9UBM4	17.9924737036406	18.4502446977909	18.0001981104109	18.4832962077182	16.900890387401	17.3531985266589	16.4932456516671	17.0650794889999
Q9UBP4	17.8218985186395	18.7449126539131	18.5705598773422	18.3058569084932	17.6899570348035	17.8057438721516	17.989982049557	17.1082998349357
Q9Y5W5	17.419631058412	17.4082302136699	16.7161228049068	18.5740021376835	16.5789770294557	16.9626249324575	15.580729651599	15.2450326956795
Q9Y6R7	18.3935161514665	17.903658289747	18.807002658586	18.9392233631962	18.1331020656087	18.6482873556587	18.9949610618492	17.1913291546655
