NC1	NC2	NC3	NC4	NC5	NC6	NC7	NC8	PDR1	PDR2	PDR3	PDR4	PDR5	PDR6	PDR7	PDR8
A0A075B6P5	-0.0566573853273246	-0.112187753030327	0.29230233074177	0.363360674471272	0.266392950563671	-0.0700712308910746	-0.465973735791904	-0.424144778709051	0.00985906857431554	-0.451383042289874	0.294565839937248	-0.121073250707742	-0.531634167911765	-0.0624852016181415	0.153225146866209	-0.119218153880276
A0A0B4J1X5	-0.376538941991436	-0.333589605089555	-0.417475534975889	0.238381714151567	-0.0300726227700973	-0.069726037983991	-0.790409946418754	-0.447761738840585	-0.147727415593192	-0.664143293389547	0.373742947456298	-0.0871777155659344	-0.380611051146112	-0.119661344294002	-0.490790229204219	-0.492291148769841
A0A0B4J1Y9	-0.0802802088945912	-0.720619256982464	-0.136407404600805	-0.255124194623621	-0.237760874127775	-0.700539483077573	-1.14524014060176	-0.785649172545042	-0.647448843797119	-0.846912444159591	-0.106095800243386	-0.456089153785428	-0.588753900021941	-0.177499598350598	-0.549533010972718	-0.583361245201223
O00151	-0.848818155698443	-0.806842200479618	-1.09912622044415	-1.52836149416698	-0.819186289057083	NA	-0.804122531187682	-0.889513689711522	-1.01018185671551	-0.649360994803678	-0.964913947588256	-0.894411004688793	-0.878161786741409	-0.761699247281634	-0.847013364192267	-0.798955706706021
O00299	-0.12496879333967	0.256973573721963	-0.138607946913408	-0.0315528797137089	0.0421426245940852	-0.234674169513662	0.12148696267322	0.30342844726875	0.0653503029291841	0.205141125686645	-0.0612038008902179	0.0602797904135796	-0.00499440879248848	0.0890584676820678	0.0398710526307215	0.117265119261837
O00764	-1.01238654305789	-0.596307227495044	-1.1417298204746	-0.882582564341015	-0.784479680022587	NA	-0.853298095590749	-0.458039057837209	-0.930652059279456	-0.718430473012322	-0.690091939448897	-0.809853056291121	-0.809667879797704	-0.930740374165487	-0.651412447586158	-0.582787330548825
O14745	NA	-1.56512813564794	-1.15603833323509	-1.06109987975241	-1.26308581864058	-1.16472797009262	-1.33466410633928	-1.50059673460004	-1.37809896696986	-1.56086190471938	-1.42745366111684	-1.53781832348881	-1.47163060314156	-1.56690456221797	-1.54100283420573	-1.50430019562743
O43707	0.518040217608482	0.663140938091445	0.345109129531307	0.377642495975623	0.501275756419681	0.363391280422248	0.631001187382517	0.908405428760446	0.692210257848299	0.80070048381699	0.468769566940405	0.663780676230276	0.498246529874345	0.635432145902372	0.745039022974664	0.935364266392413
O43852	-0.685257324357558	-1.69543702982565	-0.479008808856256	-0.964939154345898	-1.19988373125868	-0.136710176941239	-0.935217711871359	-1.62628049201508	-1.26730885918961	-2.1423274800436	-0.930851815119471	-1.55128128670534	-1.10127625534936	-1.59201008601538	-1.69383385464765	-2.083152525472
O75083	-0.0576852904156656	0.044654206040429	-0.229192404251056	-0.105706184304791	-0.0586849334177667	-1.06823565910227	0.110546203998645	0.231184821816917	0.214596137709939	0.128020454142263	-0.0585179658030784	0.114651349849682	-0.0673262922094473	0.0494886123341665	0.201608902220312	0.257888870219638
O75556	1.63154340251303	1.51179776192357	1.73074313564722	2.42034439358281	2.57628428031002	1.13338864275206	2.10941906948855	-0.446112523126057	2.49532897092137	2.15957132307507	1.90566974400204	2.0961070580676	1.77165321357238	1.16087371565986	1.23374860156557	0.733924119886598
O75874	-0.417759728359517	-0.149258094509176	-0.857723234873849	-0.344417249163798	-0.325944112587557	-0.674723941384865	-0.110947149738699	-0.145499458851154	-0.171607774605876	-0.10470287210302	-0.424067252867849	-0.184646432975363	-0.390506734730062	-0.151033052547492	0.0670963290781169	-0.0366230291412287
O95336	-1.04804186551458	-0.877056114437114	NA	-0.943042191946051	-0.986677844492266	NA	-1.05955189309281	-0.772184112339446	-1.02088020527765	-0.900435059972438	-1.0272371627522	-1.14914341229509	-1.08234910287902	-1.08215115799929	-0.892332862551614	-1.09303685448876
O95834	-1.70813764198437	-0.608571420885232	-1.23188184215593	-1.82017567271165	-0.852342404060395	NA	-0.620198789962842	-0.495340051623917	-0.846706865959709	-0.441231679577567	-0.764352450067509	-0.908519139507786	-0.715850770116937	-1.13475615728175	-0.663861637428817	-0.54575672630987
O95968	1.07214655298267	0.632775730005854	1.60982848528827	1.51256401944916	1.8524389830776	NA	0.944407004076222	NA	1.69215796348087	1.42572415649667	1.29633123750303	1.42981166481367	1.08610775968189	0.728646464907361	0.788142997859955	0.244357632222022
O95994	-0.403321747971229	-0.490675528442104	-1.3779299158269	-0.870318189843511	-1.03631267533421	-0.424344175432372	-0.862042806895271	-0.955148926200415	0.289050651907715	-0.569045553982626	-0.039781842908911	-0.354407462889697	-0.987028042555313	-0.36020893699744	-0.161510679645493	-0.691418660186739
P00325	-0.845082664726558	-1.23819650142062	-1.15096866883893	-1.07641962370766	-0.813515824878971	-1.14838565504736	-0.642240080406401	-0.299191094378664	-1.08791627802478	-0.877891580377223	-1.31161173759109	-0.783779485398926	-0.291350823450443	-1.16556324908435	-2.11697153457931	-0.814377015379147
P00338	0.476485065875056	0.539568955807679	0.136252168592089	0.247673098075157	0.284426770455259	0.144084144573362	0.405235452589299	0.485689179727771	0.311849525219495	0.568392263195394	0.299007674813375	0.53519586452326	0.497529960892042	0.446715852755577	0.425829668753026	0.526103001198379
P00352	0.90211885605131	1.45826509519339	0.913940940150207	0.903141026179806	1.11819246174402	0.73113824574858	1.2967547501747	1.66765356110622	1.20106297942941	1.38677075514651	1.1585123999907	1.3198160512385	1.37001225752967	1.12993085612826	1.18510699197958	1.30046661709314
P00390	-0.637747578376892	-0.57885958258601	-0.766474528088097	-0.735583644279249	-0.684591716654502	-0.813621913780138	-0.29636287279618	-0.279648572264753	-0.545743728521112	-0.105059625816794	-0.664422343952003	-0.413766109808609	-0.787392414714209	-0.684797037157341	-0.562607408541843	-0.150112460482725
P00441	-0.193940063365759	-0.0535654287634217	-0.894364063580617	-0.46322776473159	-0.463562729163205	-0.477379104096265	-0.209314731607338	-0.00174064700981623	-0.384100109046201	-0.404456065499778	-0.367239349234003	-0.384885972523027	-0.492571566741559	-0.25037005221023	-0.258692305392156	-0.381620473632268
P00450	0.812236089651051	0.728234699962598	1.02508196271568	1.08366453714158	0.853464818728691	0.993348781727742	0.840862449690942	0.792005838013182	0.551310937724782	0.33256230565943	0.691103438398039	0.644742800245585	0.828414171755768	0.712925440630673	0.615585658818005	0.672598760237009
P00558	0.179806372316487	0.683849132186955	0.323272938724622	0.263859416936243	0.385846079225441	0.184750291747564	0.586312897049051	0.642481660206155	0.45038748174437	0.630749323804638	0.338294352399105	0.526268936571982	0.416028147573643	0.615969563249773	0.66533925534907	0.678716206503643
P00738	0.0279841278218004	0.0351712889901952	0.461449189933228	0.924240962940984	0.95493257100742	0.705049737188523	0.913687704038049	0.991028425465784	0.128701210096762	0.772603361259112	0.962089401956026	0.692016056118242	0.855296421062613	1.20157375800047	0.490531904053942	1.30355448458353
P00751	-0.0457348309519622	-0.0540275205410285	-0.339053675133173	-0.107077429784623	-0.13780818519647	-1.61709103966943	-0.248181901932824	0.0438788106781555	-0.290627441316891	-0.397074354005644	-0.05187757090179	0.0400472942489197	0.0516487152149483	-0.288029251095159	-0.490736099501919	0.0395645474733577
P00966	-0.91640642928278	0.400055991587441	-0.48281998258318	-0.104258572947185	0.20131673464947	-0.424776785175014	0.216841249446215	0.30436134979321	0.233296541744542	0.423155606312538	0.350643088229427	0.0277775772287469	0.168805854679376	0.0617923513485499	0.288542127499875	0.177459545140196
P01008	0.0621792831060861	0.305946354358649	-0.122086868723316	0.103651612525292	0.145837986822429	-0.422617426921365	-0.00957371006279941	0.577394325077602	-0.0691549562898299	0.0610024687596677	0.0525600335953052	0.139143450466594	0.0543754135201066	0.116783238507746	0.018150999201225	0.151419625734261
P01009	1.12748610346438	1.72166794717375	1.03160021003545	1.32695270911961	1.42137893503931	0.787415995784125	1.16718487591523	1.8081784796165	0.951259616321023	1.18107748836813	1.082863774022	1.26887268664922	1.30865490508352	1.21113615086772	1.65686637294861	1.55069635337273
P01011	-0.0897775542902295	0.0936322934917317	0.0619584476573108	-0.0778326617315519	-0.0126874871719625	-0.212180402661956	-0.473508678510144	0.112608952334805	-0.264277389644316	-0.0936809586504015	-0.166287809653352	-0.54125389963283	-0.0677669458134429	0.199098561121863	-0.300099896368933	-0.302537698770072
P01023	NA	0.436050745007666	-1.75918345526489	0.200013680539504	0.346133944927809	NA	-0.140043665832176	0.428142046190918	-0.343972590272221	0.0327024862513727	-0.131269632384103	0.153265695316608	0.279945647627944	0.409765637546349	0.00852973093069492	1.10563001661511
P01024	1.39140491794787	1.68255924137851	1.2425787907122	1.22211380164864	1.57080561924684	0.845623082902562	1.39969774983762	1.67796357020651	1.2493711839562	1.00849613570583	0.726311603138217	1.69571273665177	1.44488190022772	1.33890267591609	1.12847922033577	1.66661695768369
P01033	-1.07855981949759	-1.45499731789212	-0.789614486508683	-0.546672168838467	-1.05488797786295	-0.434293144356455	-0.908978481865804	-1.75275697888105	-1.42293486603729	-2.16181637511812	-1.27169323156356	-1.64962248482665	-1.36778459489636	-1.56719745676772	NA	-2.24551709992116
P01034	0.229578949507932	-0.168901228959043	0.30159430085353	0.406208802541231	-0.014530232523481	0.366471730937512	0.0869286638682319	-0.607879847759079	-0.0987783492829458	-0.625504551980321	-0.0801668956673589	-0.442863245761247	-0.181156529003433	-0.177001871147306	-0.451432094096685	-0.76687727375549
P01036	2.29785355443663	1.92244891997152	2.08856445877355	2.45273960470044	2.39319065029912	1.97000929841808	2.28756681139571	1.28787375420734	2.15125829714466	2.04872550295339	2.125248831576	2.15227215455054	2.32586751859663	1.50604880082571	1.97166838911928	1.44015535701072
P01037	0.995354542569289	0.746791080803719	0.570251848790623	1.89018138154391	1.68614423120684	0.584049197272691	0.84697625000128	0.122467355339554	1.02838394650353	0.817404363713957	0.269757477823906	-0.290745471879258	1.11811604716636	0.634167738928121	0.489938474791087	0.205847774600425
P01040	-0.143377329848166	-1.10221534612344	0.00959135942536101	-0.898612504124462	-0.601218473749129	-0.334757391632949	-0.686304746194994	-1.15691723720655	-0.460507884817821	-0.502900268078534	-1.17068054241726	-0.535068376733628	-0.892733818560604	-0.0777512046866492	0.332418755719352	0.0680358781271995
P01042	-1.1102927172424	-0.431092869184772	NA	-0.387378410342669	-0.707026080275375	NA	-0.89118305007371	-0.15720056077295	-1.11373440804261	-0.943349875169014	-0.748856216537259	-0.81710604783435	-0.869661935959774	-0.786094347497626	-0.841992456441314	-0.629519738478905
P01591	1.46131977053571	1.13087381125287	1.62520749091306	1.57284893127024	1.56715022783207	1.15381224681313	0.748483379960346	1.15336942008343	1.39147113606125	1.22413992746998	1.59484285167773	1.3484357024621	1.57172597653204	1.77959133345388	1.38404381468005	1.15924528575714
P01619	-0.0377692457252803	-0.293172770194578	NA	0.0525802079160216	0.00116048125206295	-0.215304774096947	-0.4108554782155	-0.564476690006491	-0.397294961558331	-0.312513371421577	-0.150814329209901	-0.733765135029211	-0.425658923861486	-0.147043221665421	-0.311785549539054	-0.624360997479317
P01780	NA	-0.993591178406032	NA	-0.553455679443765	-0.934118824293929	-1.12853718589527	-1.51454483031151	-1.02172355920138	-0.810381054068106	-1.37518452415393	-0.482181016020993	-1.53954451600024	-0.480861793805549	-0.786874132049339	-1.05587837532939	-0.846796200707217
P01833	2.4772498058809	2.42570810303148	2.50768736154723	2.60431842849638	2.63833194146898	2.15313693924201	2.27828208988442	2.40586947555633	2.56877769161715	2.27726071403725	2.69023935347895	2.45085718108432	2.56611218335796	2.72433605484537	2.24883587542495	2.17609296611706
P01834	1.18873243059909	0.895755149971286	1.29318459439614	1.22991119127917	1.01546820783993	0.851995660066772	0.444683392018519	0.867607877688404	1.09108509717113	0.650983565211419	1.35063609644665	0.820851736043765	1.10286202112499	1.11476701044147	0.765259020154973	0.775985430304197
P01859	0.613552929806437	0.855236785755396	-0.250014939208834	0.713661752887433	0.799517304838051	0.529022318642673	0.847230562014671	0.797727493166972	0.602598467212784	0.546571145948253	0.815448646722978	0.514603766222096	0.617797120985524	0.858529072944019	0.828082704031591	1.05748840677342
P01860	0.189681088586726	0.98439149877378	-0.608005175162195	-0.00966720767592785	0.55065544751577	-0.295280034973967	-0.0559088496445814	0.538713660110567	0.0869458687984728	-0.273734360076294	0.654201276707856	0.15695917025445	0.198455464242472	0.534110374591921	0.458387591963461	0.8346495775804
P01871	0.386818782977468	0.520207468912767	0.583734496895789	1.16424558698624	0.478473572731462	0.406647219093332	0.242314995226442	0.0626510023856459	0.49789811369286	0.129308119680917	0.830527418893936	0.434179426911137	0.448785602481251	0.555584851597449	0.298038441356149	-0.0319813498929084
P01876	2.64584833073166	2.61105954836943	2.47934436373466	2.62087379143537	2.66019040825748	2.29025155798467	2.20119764294334	2.5195346210744	2.71641062462743	2.37459947159149	2.75406113831681	2.66829487530369	2.79930554905219	2.8382428329098	2.43472673141445	2.45815409667114
P02647	-0.890145221544232	1.12587565172911	NA	0.576903419776526	0.587516015821284	NA	0.0847911571313282	1.28148522508435	0.144625650045617	0.73630232294739	0.472164416647318	0.645488966174241	0.444767678189445	0.850741667864269	0.584305328126712	0.96202243004957
P02671	-0.825743769573701	-0.758393016660008	NA	-0.828401382792086	-0.701651205500217	NA	-0.809937885168259	-0.420321159636911	-1.56877681820653	-0.744600764874566	-0.92332599033044	-0.651277620645811	-0.748216504882139	-0.7338222575738	NA	-0.479751291298417
P02675	-0.433921138851556	-0.449580548458598	NA	-0.45393561349637	-0.419799279089848	NA	-0.521643396517617	-0.132331729174137	-1.24395828149466	-0.387489576951269	-0.669685154293566	-0.25392330324557	-0.598513845973731	-0.274336383327255	-1.68054760079711	-0.215292156588581
P02679	-0.398105808920599	-0.337605813378248	-1.32272965901914	-0.548991103787767	-0.348713839525827	NA	-0.430465901183775	-0.162887627100639	-1.50283551087412	-0.41824777889006	-0.689608773120553	-0.304173816738169	-0.515807670893794	-0.305908422663491	-2.06077035878123	-0.279842413656891
P02750	-0.823558763647994	-1.21513992621282	-1.23133773950094	-0.781384729107139	-1.09487046532186	-0.469136627549971	-1.46787445736089	-1.53056434270228	-1.30013268542415	-1.58789285682113	-1.12870424535106	-1.37216475756058	-1.14895935577657	-1.37874944339356	-1.68664580558087	-1.41041773401845
P02763	0.227493106930022	0.730974352629539	0.211147624736872	0.383310814046011	0.732318935802047	-0.139015154011181	0.325648257985365	0.924949931441192	0.207137422596135	0.302818299264213	0.381968722257666	0.261858596986939	0.428502264710013	0.516509758871568	0.677801199517055	0.88246640983883
P02765	-0.283135206719133	0.232046184208717	-0.372021804625855	0.149043296342232	0.125699576269027	-0.991013186925627	-0.0589008258227137	0.401113049203196	-0.678872905480851	-0.301136278681999	-0.308846151397511	-0.347250058005611	-0.24639227525001	-0.0657982375265282	-0.271584938086659	-0.0408790343958449
P02766	NA	-0.700778823468668	-1.27330822347126	-0.283918561157949	-0.612756366515032	NA	-1.26878296133107	0.220425633323054	-0.836667938394191	-0.449720696368999	-0.477296156343173	-0.380087298076652	-1.84151098231437	-0.624770782010943	-0.386394081289319	-0.861706528061671
P02774	-0.0224442818840528	0.51904567383002	0.0566885878479796	0.395241368303307	0.244264456188564	-0.884901711933992	0.140109213187601	0.733784306387101	-0.280735108790505	0.0149661005945659	0.0528023517029274	0.0864095260186661	0.216520479569348	0.217528925623731	0.261388386861341	0.299326320696624
P02787	1.40805058115481	1.86168620692837	1.34402325902745	1.61692225794105	1.46319091363864	0.952287983248228	1.70380843409689	2.19165915699763	1.17257620684644	1.70224434791543	1.55123156744688	1.69794910711336	1.65934444663714	1.83147632624322	1.94467325395775	2.07750398888561
P02788	3.66202508798732	3.52449402954726	3.36224192737753	3.26735320860981	3.38046376819177	3.64331979949782	3.55495058796853	3.17261903010784	3.53879244242619	3.03114447845841	3.4848549617511	3.24572806667732	3.43703996351976	3.3860996948068	3.22207307417256	3.20563804103906
P02790	0.496358798834453	1.126268476264	-0.124705431334394	0.804444789200818	0.861451050612556	0.172293300064052	0.700200377844397	1.18775808539489	0.3902729922997	0.809448730075799	0.65880073144023	0.719164406215724	0.79895001653122	0.834712746992351	0.995502228497258	0.959860374752806
P03973	0.443991676423934	-0.20046548596722	0.238491254835014	0.506875067754271	0.38171503075071	0.769473809371239	0.544047852093568	-0.247971812687133	0.0147291037802031	-0.664338806049998	0.403379915885292	-0.0939390016825451	0.260957599228846	-0.0595549564464387	-0.259840024385789	-0.414156050590523
P04075	0.611360784053278	0.568424346258453	0.3535798359042	0.329521947799707	0.309310387027574	0.189208158209766	0.684947850887651	0.626414839657746	0.597547378182731	0.673471569320697	0.478788829780314	0.683892646838688	0.59004908609843	0.72875260901478	0.833897783652395	0.72674515017008
P04080	0.3892148090282	0.278161786067852	0.34380673988049	0.212735707703547	0.244210461761006	0.159284604413093	0.501199272548372	0.433964269637716	0.375218899872468	0.500480973730098	0.407531083400886	0.41034567471202	0.320943351609056	0.410737497209907	0.703905675207224	0.616932423054028
P04083	0.151091669336073	0.16150179644214	0.777380797177107	0.514551714057397	0.319417996358483	-0.475524243050944	0.873669855737474	0.468271209240441	-0.125645136919761	0.735097203959337	0.108517458315677	0.202553083302617	0.479147497092829	0.0248994122408283	0.168182848952972	0.377160072057011
P04155	-0.968832087952321	-1.60204524091318	NA	-1.26167881192796	NA	-0.910886456531228	-1.64068380453578	-1.25363053694594	-1.07603183052534	-1.48241179672564	-1.44196146895288	-0.961263527437913	NA	-1.47547961218851	-0.990531893012003	-1.40118197838277
P04217	-1.00185383157507	-0.0621348034647648	-0.902409364308481	-0.287591218882219	-0.318642045385615	NA	-0.745868055800793	0.231445069127966	-0.906971262192113	-0.619437623152203	-0.477563521332024	-0.620035787215629	-0.466730048244983	-0.57893833710355	-0.394582925916424	-0.227676933510773
P04264	1.31751790474388	0.544915813480002	1.28173419864391	0.662314813472687	0.693366112229406	1.03512919669384	0.897499330177945	0.729996505398508	0.574961447259259	-0.350600056995122	0.100505115083922	0.843359530149553	0.0734648805483596	1.54782158744069	0.83726013109357	0.741279608253923
P04406	0.735794384545955	1.09448886803597	0.761380360124569	0.759070898721678	1.00317087606502	0.592631732495469	1.00009604435487	1.15205901632235	1.02113713841034	1.21938733038675	0.838035091165616	1.22668627794321	1.04344611375535	1.04167461097739	1.25401885278572	1.15268573160172
P04632	-0.544033577513356	-0.37114814067536	-0.796318896692358	-0.261068684258901	-0.304887546613048	-1.56301277025944	-0.0540473641425358	-0.321558779026584	-0.338213121989102	0.0492958426255653	-0.449408709430077	-0.350283446433953	-0.435704676947706	-0.403957185685885	-0.604033437856475	-0.356314615635325
P04792	1.18102096130705	1.28152009938315	1.01474929022297	1.06567832102694	1.28910079233071	0.830166334341144	1.16902208381729	1.07047367239463	1.40983300427688	1.63764542286293	1.14515499465579	1.56576648474813	1.1048227096695	1.30540305961207	1.47317373064994	1.41835335236346
P05109	1.13790975604367	0.854085605039248	0.759556183274173	0.84577894490784	0.465934137230898	0.744478524040131	0.972111480163638	0.3714082498957	1.10553040502825	1.01484752905884	1.18004674430209	1.04395002930992	0.842873951727284	1.19673711602116	1.3899333595352	1.15363544335391
P06310	NA	-0.971664855438012	-0.401388554809654	-0.352820866953666	-0.724036589401642	NA	-1.29252301941652	-1.15511899747455	-0.671835994081111	-1.09452179649618	-0.635452254131182	-0.646632061639386	-1.14343384327611	-0.4656879980742	-0.790998660827404	-1.39118515277295
P06331	-0.607790446724169	-0.711420379722519	-0.205484903657348	-0.0853439693631995	-0.000437416859249066	-0.305938037299136	-0.739091233254393	-0.568776137449653	-0.693232816429484	-0.69198598279386	-0.0548236609414687	-0.308163071437588	-0.205626145212657	-0.116563929363083	-0.334661321658973	-0.912471577892801
P06396	1.04607382358338	0.905637034194816	0.773408784897798	0.910449030298603	0.908127371727388	0.81218741413764	0.999699180756368	1.12927536276916	0.872253408633831	0.917581136336056	0.891849115680654	0.997898924294378	0.92127548806419	0.824916978585884	1.11516529573116	1.00195504409597
P06702	1.30468510532839	0.996272581126462	0.840250233597558	1.04202595391593	0.712955655316789	1.05111398290083	1.13658180784896	0.528991108463767	1.18511259556563	1.10679879375928	1.33010061144847	1.22530663540162	1.06109202946793	1.41067527365244	1.43247346624901	1.36505687612609
P06703	1.22233521080122	1.45381996297895	1.02691867422812	1.18233781237281	1.12515965052864	0.595669121797711	1.03976967330498	1.45220771785404	1.20578446517255	1.77381847258897	1.43397637265692	1.54797963954684	1.28322942388959	1.26889947457658	0.622006231182864	1.33244453450388
P06733	1.52497071680192	1.83025347448539	1.11548864692251	1.37774835879813	1.5291196597686	1.28809232707977	1.78734938853595	2.00598178930641	1.63572510398034	1.72024185705033	1.48617994356587	1.8321810389428	1.55487038972993	1.68104184441735	1.80063833642495	1.85701694816811
P06737	-1.11681228296526	-0.266009496821963	-0.939905192333874	-1.18435728209439	-0.37928809078393	NA	-0.58594817142519	-0.450416346412448	-0.639061491516923	-0.20974121501442	-1.23256978690592	-0.202010887692091	-1.01081147432907	-0.986337388308113	-0.51189979593998	-0.370350102163
P06744	0.0648745339105562	0.344888907623782	-0.190345193609808	0.0360113198216641	0.13196133224825	-0.163054142673327	0.170184585366996	0.46425616797337	0.178970931976037	0.278209343096175	-0.130999992917846	0.272285939661113	0.172024870478041	0.166606130454986	0.366165989963208	0.237638045389196
P07108	-0.600920002163929	-0.785148403278224	NA	-0.932321947944557	-0.765284271851753	-0.659203755943532	-0.591730528760758	-1.14954386681995	-0.802972128784698	-0.621994741760191	-0.719847528640717	-0.824057066767865	-0.632390438434358	-0.576126209134161	-0.289956128176783	-0.48228026600095
P07203	-0.985224357222416	-1.20689968736275	NA	-1.00423399059405	-1.06786043308155	-1.04606685827089	-1.15244528975952	-1.16512393027677	-0.989425227177612	-0.954832686890144	-1.15314818516813	-0.993935609559355	-1.07543303223315	-1.22958142353621	-1.10421898279833	-1.20106608757925
P07237	-1.27699113318948	-1.37269696426604	-1.37225134532847	-1.33005443183781	-1.31394544745852	-0.954886395186127	-1.88963585456492	-1.78212080905187	-0.809569082285865	-1.61917628612012	-1.25636344675998	-1.66681874314606	-2.50843798335052	-1.00968793221574	-0.557305876241413	-1.76735159382766
P07339	-0.277647037230284	-0.580139083854118	-0.697740176725778	-0.404920005511728	-0.51529629623526	0.0733738920916703	-0.931628493254934	-0.642073134338108	-0.473541732621197	-0.673397607825087	-0.362985296652352	-0.230848686416242	-0.488673736533397	-0.724546076763944	-0.539785935968101	-0.747668258316157
P07355	-0.418545775175746	0.316329763542115	0.295227288026493	0.0285009350968169	0.0207129903803851	-0.697852624543841	0.54098961472542	0.505117613609664	-0.226482057726981	0.352564681239219	-0.298054420454154	0.0107060715085098	-0.111510777279568	-0.128115476220773	-0.297124262527293	0.162402279877227
P07384	-1.34127101913799	-0.244582235740891	-0.62512252858293	-0.422221088228305	-0.374121644622737	NA	-0.20381376740745	-0.200432027376179	-0.371063297698602	0.112391849412367	-0.624706700580186	-0.250373570521019	-0.267310903535427	-0.320120130307063	-0.358170572292525	-0.339794434436816
P07602	-0.576938309579658	-1.10834025970582	-0.623497673007314	-0.0806815994296372	-1.01949763093822	0.067670043759704	-0.63448374476982	-0.950673496824191	-0.421566153435709	-1.23376792508829	-0.44647353090657	-0.979411999871218	-0.595169255346348	-1.09141434638931	-1.09565399395091	-1.50012462864244
P07737	0.172020603957995	0.479193001135351	0.224667854055887	0.173827798930363	0.249209947000535	0.117819577065122	0.309372427698079	0.554194508551247	0.401981004399704	0.510334832320974	0.299979493788507	0.425925315604347	0.328162206670287	0.255273800318875	0.363476196892965	0.464539329127174
P07858	0.161396338402762	-0.716280213197186	0.0910719692213875	0.10205624060961	-1.16119717754035	0.545400009931743	-0.0343063184954489	-0.477982520328935	-0.243261630472579	-0.874725271766305	-0.157539965088746	-0.608551843897647	-0.168123118666239	-0.51236758736887	-0.345263747787012	-0.816922125747618
P07900	0.256341961568292	0.62752362543337	0.123443591924422	0.330156937098528	0.402645030917112	0.163430727696163	0.463538028521117	0.673724380001868	0.536025288405399	0.72182880463121	0.533614550216941	0.601269406176935	0.455897068391658	0.568405264563177	0.721820102947085	0.654895994899396
P08238	-1.2386633508854	-0.765810801929096	-1.17491111015695	-0.87385208608709	-0.871867558657818	-1.30125378054601	-0.697291629565603	-0.59171654040352	-0.881287171660061	-0.458749128293652	-0.617949395312464	-0.657485473401891	-0.728676919400213	-0.80028157112949	-0.646825220846545	-0.679099079765165
P08603	-0.147573375139492	-0.367056012466758	NA	-1.11336013817852	-0.238103807706863	NA	-0.447903180743787	-0.185844090457553	-0.723092295341064	-0.625159600182731	-0.439139509373654	-0.284249544617309	-0.155462017851815	-0.206060304381547	-0.490591775783603	-0.128231577193415
P08727	0.191035749733295	0.0888661753972367	0.0554582196247197	-0.0854595900546792	0.203596161833392	-0.339758854511712	0.789379694820291	0.959647472083716	0.140905886813909	0.400433742168161	-0.0982371085950112	0.517331732094709	0.120703116497545	0.119631333068833	0.0928409211915276	0.308675304365205
P09210	-0.0364642538208499	-0.753988586718147	NA	-0.747530309315301	-0.820577154855082	NA	-0.674255832541413	-0.564498334387577	-0.88682791435625	-0.639292874281509	-0.975317910283935	-0.603904758996003	-0.320811869024326	-0.510128096488145	-1.16537216563234	-1.0166050578579
P09211	1.17892902127616	1.41558839466616	1.03996013690436	0.972039570401947	1.2041858469122	0.801938100754876	1.16795314320576	1.47476813993567	1.33120281807086	1.52706974843174	1.1108695677461	1.43481336288543	1.30751970157321	1.2243711389342	1.56734596165804	1.51530569813034
P09467	-0.407411012716382	-0.454427047557957	-0.0928148616898255	-1.14462924087474	-0.565953859902561	-0.903269654643686	-0.189171245576928	-0.15900478848648	-0.188009696199609	-0.404065423254787	-0.485315402278818	-0.644635177233396	-0.268258876220963	-0.147021665835473	-0.0292240906263356	-0.221363458016635
P0DMV9	0.65938535885878	0.851707670130453	0.562157775874714	0.584784579627674	0.69644876402527	0.543433598015551	0.879045552692989	1.03830857713162	0.743811823211426	1.07911564485063	0.592555123472211	0.848320912332585	0.758706334445396	0.59466562461329	0.677741999699011	1.02271193006091
P0DOX2	1.03417494893584	0.635013591507906	1.15538180629357	1.25229688545304	1.11555164844828	0.882139283898871	0.685030575598175	0.680130212458879	1.17888751907802	0.988150777392988	1.30268813010453	1.01113243027697	0.984448463128346	1.06476805585579	0.657812288667347	0.691148504095317
P0DOX5	1.64993002999058	1.96540635462618	1.15357282669187	1.50889178865561	1.77104804025746	1.04702905057516	1.57774201606933	2.03694742280112	1.49049008266709	1.83086036944646	1.91619654296941	1.89201660680107	1.65965555130628	2.02395071793162	1.9368692953286	2.08132507412419
P0DOX7	1.98916800709044	1.63395399211617	1.78149773833798	1.94395945936436	1.91097425071449	1.51805256099727	1.48558401283721	1.75630580551349	1.85398829274126	1.64231547278059	2.00418115755364	1.95319301194217	1.95213505579691	2.17922304766709	1.85234682706882	1.81143233047511
P0DOX8	1.49487401738946	1.42568855162848	1.64727123213888	1.59635215692134	1.65413700186563	1.40923593605509	1.15186028286705	1.44226423305265	1.49532811680976	1.29619495929312	1.70842942056446	1.50835950215358	1.55104444102209	1.70607866389663	1.31810369493413	1.29767868486119
P0DOY2	0.792632423052692	0.736474275876895	1.28361694550332	0.886941772392007	0.998402550222459	0.712136637053734	0.382902387416197	0.666615744479996	0.637634255882808	0.399924674013341	1.11128207429749	0.659628146186647	1.02675420988148	0.858744608938022	0.804333424293699	0.79559154070074
P0DP25	-0.161131968396582	-0.262323258037791	0.0817108528967313	-0.30040686436565	-0.310522473090514	-0.555745631226936	-0.128136306061241	0.173267208939771	-0.0410406986134632	0.229832317214071	-0.177006661962361	-0.0166155060659848	-0.0830671799958475	0.240610626199629	0.366549334137267	0.232261463836237
P10599	-0.129548180568191	-0.0606366807922523	0.135742555794912	-0.00986879586143979	-0.014966205703979	-0.163009280215784	-0.100867246713055	-0.312192494151091	0.19805781823881	0.457191649416902	-0.117280339242343	0.133791680361285	-0.368023398309026	0.0833225166265018	0.386965868971701	0.349736032549186
P10909	1.0272256718021	0.70990669027079	1.07292639832727	1.11197515055295	0.936437020593509	0.809898538930929	0.990130510922562	0.381285772134286	0.996207460937901	0.570097697574173	1.04896308517356	0.800169349905863	0.830003743076301	0.577225559680941	0.415165227383152	0.451580824149093
P11142	0.172456057573062	0.291542057233219	0.152910020855355	0.0389255386414135	0.181885923029807	-0.120543128233582	0.229045285610425	0.392600831440219	0.224424250792651	0.336152939562419	0.191052176057648	0.226535861971071	0.0650202667236538	0.0787210716638408	0.317605055726584	0.342515620123434
P12273	2.43403173531101	2.31991561033921	2.34627732008908	2.50175159088715	2.4245265513457	2.60143802445631	2.31363097798571	2.036862318469	2.58045927502151	1.91077483231901	2.50252296387869	2.43176410688615	2.51407389825911	2.02558440243823	1.96292983411318	2.01007558450174
P13489	-0.50081683125252	-0.0570913537603426	-0.697036974668198	-0.297581848623459	-0.248593588959521	-1.32478270329321	-0.182333620092902	-0.205346015798783	-0.233887195418436	-0.174602115911805	-0.333366908495484	-0.390372498313549	-0.4164834239354	-0.45541670013646	-0.58913592053782	-0.325356993481149
P13639	-0.519642095564519	0.0626133553413238	NA	-0.748395926138421	-0.282619754856253	-0.904385461627091	-0.11649535658707	0.0545774032480474	-0.0250494399641152	0.105723966153385	-0.195302516216606	-0.0670633844292077	-0.1564617410723	-0.131155241534201	-0.111717331554236	-0.129774331748962
P13797	-0.38402175782718	-0.236567539085701	-0.443239884193603	-0.581054076818601	-0.298968600648809	-0.82698850867776	-0.412426439607433	-0.170758119122146	-0.222634901470397	-0.0898861439376878	-0.42981685580804	-0.381717890032111	-0.342378438818516	-0.216934031817079	-0.461527653741548	-0.113052239174151
P13987	-0.780298001195819	-1.45545393038377	-0.874220481355712	-0.786655747753325	-1.20476874919653	-1.02909904020597	-1.35052877965317	-1.56207991587806	-1.43086518854723	-1.6322841834219	-1.21149188465407	-1.56142474414506	-1.68030897521085	-1.16523323994632	-1.48777684312486	-1.94044654527185
P14174	-0.607374120130289	-0.188545749538711	-0.482468338303019	-0.627531122637335	-0.438974651237127	NA	-0.332668560688838	-0.397562697934506	-0.190925369876967	-0.275541941339395	-0.599259370847311	-0.526113407992672	-0.508918035722025	-0.46436123126316	-0.402373038385758	-0.402705274835364
P14550	0.181132876202682	0.333616700948288	-0.1833926269182	0.133286388652433	0.306658248559146	0.0634516948723109	0.358418072761402	0.488253971256513	0.318268885584881	0.535206328874283	0.151205040399408	0.358839104060837	0.345908051554966	0.274944618466518	0.266105878828568	0.486930719245042
P14618	0.736776825573837	1.29437653050213	0.59299131507468	0.819907630489852	0.989952479413371	0.444472999295764	1.05614959234171	1.19913689464336	1.15596786518965	1.27118428549424	0.999995330085066	1.26167950177346	1.04392288089919	1.121270468426	1.17470674708207	1.0946637424115
P15104	-1.42366617875107	-1.2320608964233	-1.49969292335007	-1.13232890480974	NA	NA	-0.764941835818555	-0.247797387999275	-0.288035596885246	-0.176446193652769	-1.31585058836887	-0.314578080356516	-0.592238697271151	-0.00835908890043703	-0.426551650492081	0.238185447797259
P15311	0.271498491327441	0.203274196129763	-0.0424133470705782	0.154743649694611	0.226326712503035	0.0168444740751367	0.363923135993033	0.386195561570394	0.259189628852559	0.552324665168219	0.167453096193454	0.380780351931856	0.142400532496253	0.27888186627964	0.44837771162541	0.472244406106376
P16152	-1.00799826633051	-0.598170454970441	NA	-1.03520128282774	-1.4155788292059	NA	-0.913213192315896	-0.608434731840268	-0.957195902370639	-0.723960456263579	-0.636823676873246	-0.877361850284908	-0.645648285465198	-0.895127565779319	-0.664616739880075	-0.998541215122615
P17655	-1.18290098716424	-0.562557091750342	-1.08937730945528	-0.558683945708648	-0.757057641851027	NA	0.115822031765822	-0.358502417438176	-0.415567879612414	-0.115969896561013	-0.891885316691584	-0.453475952600883	-0.693457774978079	-0.434683629137593	-0.68522332928852	-0.19081668704456
P17931	0.789292318750502	0.763582728887204	0.751119005938435	0.533773959861251	0.559397178839908	0.430825742668593	0.72586091711163	0.879128420747009	0.888499035805049	1.11864776942202	0.693144155332324	0.797294227997515	0.761832011129676	0.976818318668398	0.736554372544019	1.12953274473957
P18206	NA	-1.79282754304288	-1.71030208228443	NA	-1.80632949092304	-2.12148225928236	-1.00526631616831	-1.0394906581118	-0.92411125251111	-1.00811034063583	-1.61581319083764	-1.22459364927909	-1.28041972328167	-1.36610167917716	-1.27207287709248	-0.92764045887452
P18510	0.15275320080338	-0.881027898677145	0.466189954918894	-0.569407593502709	-0.590671435157815	0.00467451776989759	0.246319494729148	-0.135686959632411	0.263096435437592	0.171733350498211	-0.100206341275196	-0.0117437454010304	0.142950518731296	0.150708160850429	0.14651392157128	0.123789702798303
P18669	-0.00453182507942617	0.00991711410861061	-0.121967669524533	-0.130664712856561	-0.0319643722546542	-0.885556379578175	0.186828779718469	0.121822863873961	0.029036350693702	0.203003107623126	-0.11945051595144	0.00669404030425266	-0.167906102429366	0.00758745026224648	0.250417170062875	0.182343236532741
P19652	-0.0557735034777566	0.540731837681756	0.18258248620832	0.295403466919596	0.535434237882622	-0.781121387563914	0.191805587897266	0.870958876888494	0.0815935748679373	0.0649695826454001	0.284835416712211	0.351277174504953	0.297202400613775	0.09260127268925	0.279836169646153	0.182032031622215
P19971	-1.53328086340286	-0.58313450555656	-1.63529663616059	-0.742142860064159	-0.790033171506412	-1.6690992539649	-1.59049255528045	-0.85067947662742	-0.285246829175207	-0.55671885512207	0.105715258776489	-1.09816874266821	-0.384938862814659	-0.564834278849218	-0.0907978573532962	-0.669717713289906
P20061	0.448909163701981	0.231319606571176	0.622896985108955	0.592216614998531	0.166014118314255	1.21945085556643	0.553849399946355	0.177656101856186	0.0639823421964074	-0.18616371482014	0.759875869125474	-0.192524984533365	0.600771382705681	-0.0725827116732011	-0.305563957262191	-0.176043422000595
P21964	-0.870794070321665	-0.650557784884938	-0.773384667905881	-0.913561797355413	-0.728658757938143	NA	-0.650119459058556	-0.796621935179692	-0.648293734447035	-0.499887854521139	-0.884092112479417	-0.620165247039895	-0.800117599125048	-0.741310170867395	-0.757189569760047	-0.850076900023285
P21980	0.644236524040703	1.45704596386842	0.601296630034836	0.92275811372168	0.787268117389355	0.633649666440405	1.11149592451109	0.898718336133012	1.14020431410822	1.28054242780201	1.46416889024961	1.37098132637401	1.19135491343853	1.15201489674171	1.38066979336077	0.93618312056834
P22079	0.658530099339437	-0.433485520153553	0.46625833870674	0.145499516875634	0.12004091614268	1.25248870033201	0.20739210593583	-0.0631056132540842	0.0194639417760383	-0.634445909411503	0.616959493236662	0.147316338438125	0.705309979133411	-1.14622489553414	-1.24474351481333	-0.493625183598427
P22314	-0.73885912396095	-0.146627768083102	-1.39990238242257	-0.553635918279164	-0.261052733689795	-0.882012611410426	-0.157329193062319	0.0130431563860465	-0.232538419084093	-0.0395840373955937	-0.395654087555429	-0.351469296348267	-0.225842775707462	-0.30407651957299	-0.228750634734649	-0.14600500641185
P22626	-1.6280718611593	-0.793149940880311	NA	-1.7566200622257	-1.94589959971764	NA	-1.07603163775544	-0.320809374162217	-0.825149152185773	-0.813803903401276	-1.02625421568575	-0.668406132344738	-1.09151110335488	-0.983329987128132	-1.12563543964615	-0.469803296433522
P23528	0.259047923884904	0.466954486132823	0.111451188267003	0.168620277092891	0.298626129725027	0.155660016838618	0.194074017130811	0.449774779759576	0.397481249256872	0.618202087729632	0.510613642064147	0.491140934212128	0.50412584708106	0.533312766249305	0.679810774477275	0.583820060670372
P25311	2.54618126009532	1.93082213847932	2.22792562842207	2.33153158450688	2.23817593168705	2.57837914552719	2.42723800261132	1.85218733403255	2.37506477817935	1.9745017203692	2.24774089017342	2.04879401483583	2.34355050197138	2.04769718947874	2.04251807687093	1.77792308856124
P25786	-1.07651380818862	-0.839906066084513	NA	-0.946065075732109	-1.21711566484636	-1.10337762644849	-1.16789530976245	-0.988502630463156	-1.11759495377217	-1.00660598326248	-1.01646871335186	-1.07959267514281	-0.874529376275008	-1.35725382789068	-1.22506322019759	-1.0663950622099
P25815	-0.349943394775489	-0.981976918714532	-0.650534800214699	-0.502088122990863	-1.14543050845726	-0.545202973252194	-0.717231780428648	-0.477014568927716	-0.187068648376767	-0.345249351044197	0.122387017318284	-0.31418626512713	-0.448961475676651	-0.478966273257448	-0.491277600591167	-0.473552117228922
P26447	1.01398254454453	0.677090861182873	0.759710050021589	0.627071756020313	0.677619705675986	0.458418702369735	1.03424270832723	0.707310440832194	0.732746771220225	0.870994377664436	0.701014703181605	0.921809719428109	0.775440225337431	0.792779434860594	1.01371212142745	1.03475689844274
P27348	-0.678677795002978	-0.517070514243961	-0.676508096540048	-0.696151079924002	-0.445581503207654	-0.930093185335276	-0.447816403243231	-0.496804008064814	-0.536467647605864	-0.415210503088756	-0.669365618343225	-0.616872011523897	-0.639981493126677	-0.483105064854469	-0.519739887426962	-0.492291148769841
P28838	-0.688979197726471	0.00977187519081548	NA	-1.27882287809645	-0.884003668362567	NA	-0.328565397431837	-0.00836990122074748	-0.230509445140483	-0.171845929449181	0.433056249181768	-0.208596064448407	-0.299965498383033	-0.145718919678622	0.443420384008451	0.130135364017943
P29401	-0.0982453431004493	-0.092261998503556	-1.02610657736476	-0.585405182436549	-0.702490373496055	-1.14961447409788	-0.32326899806296	-0.0552357562263592	-0.228933365055782	0.120676698036969	-0.244890000080144	0.107849674622065	-0.268990092304837	-0.15483022122514	0.0493219705455611	0.152161708620845
P30041	-0.0890867585347946	0.557380196962705	-0.173371970002764	0.219459482891534	0.512692259917328	0.0182806841297986	0.397235735814324	0.391733346976573	0.241940013233947	0.662418536503443	0.327774322969074	0.340114794850325	0.369788224561555	0.178912884579115	0.194334379152741	0.445536415187571
P30043	-0.601688302573727	-0.614038016272381	NA	-0.74322250203175	-0.604616162313091	-1.22874433124532	-0.508787604667972	-0.453941934395172	-0.638548964880864	-0.688600469760096	-0.686996278492094	-0.621504503406448	-0.678911929671999	-0.684975472627935	-0.518966663812284	-0.55963785266985
P30044	0.476100176507835	0.831765336247892	0.513195177823656	0.44717566969251	0.69190385668311	0.329182951000769	0.733834173988411	0.7132752102807	0.79488257525125	0.90863578999886	0.422153967703156	0.705561260232192	0.719451233464762	0.633519123579177	0.871668180517273	0.849519710156738
P30085	-0.214387613144585	-0.294130643228597	-0.338158899803936	-0.463170394691042	-0.284699712710018	-0.535296819281662	-0.379224094167707	-0.476881823232878	-0.280020570864716	-0.0937310407919075	-0.449885125263059	-0.303535665117159	-0.25711914179775	-0.289638577594017	-0.29950904178482	-0.249670242059869
P30086	0.700686090528208	0.593699486862995	0.322774896951291	0.260474808791854	0.47947047136989	0.303224176010587	0.654942046206608	0.714656156153937	0.469711584204187	0.573918380528219	0.407368834442858	0.566688324582713	0.596225593210278	0.538838802725555	0.794574026343163	0.756520782088168
P30740	1.01967285295582	1.34704739705891	1.20271269167238	0.740828880066946	1.02217683109035	0.705774991076707	0.915416166360037	1.1401306974189	1.42877906814952	1.5027116758455	1.21532808432654	1.22002951635215	1.45983425603812	1.38472748032589	1.52114657950008	1.36618008452373
P30838	1.03400785615844	0.369308179877404	0.554623635842816	0.686013380356717	0.5883963452616	0.679008841550752	1.07432176620624	0.707595699345215	1.14158411706743	1.07614678321635	0.75322566538416	0.943724245491767	0.621716886039898	1.19321424487934	1.29562143469062	1.20109086559082
P31025	3.20064831617403	2.78500843030309	2.81752850140652	2.92137774786501	2.90484017205533	3.08677349554041	3.19655659976265	2.46796251677041	3.06692577663103	2.69165630639671	2.62882062383856	2.80832227581136	2.73388624909843	2.89344432135963	2.75454288162432	2.33256497721676
P31151	-0.407449554377962	-1.10279159359584	-0.79579065974124	-0.558229315619737	-0.747630152023324	0.355204628525244	-1.65546532948726	-1.37589127644526	-1.15867306306245	-1.48212205710445	-1.25998261135649	-0.346525839569809	-0.76001433206998	NA	-0.502516266402688	-0.715836766601401
P31939	-1.48875301196217	-0.573217531605817	-1.26601609836212	-0.845353466424236	-0.758750983965173	-1.19594012826865	-0.784775280004207	-0.736774606643987	-0.788193449329712	-0.638799475804983	-0.839320492187929	-0.87137461609014	-0.77782769365056	-0.972573166922459	-0.697378373916723	-1.02480514369537
P31946	-0.15434723423893	-0.118454453454695	-0.258214204714956	-0.330744986849993	-0.253481574723338	-0.328092243764102	-0.127929808664203	-0.016597155006121	-0.0823307361425459	-0.0788012749956517	-0.29915132346814	-0.141031493786295	-0.230110976158293	-0.0273964021005653	0.0483039199216468	0.0222292464740676
P31947	0.208448906040749	-0.0499368195107735	0.0999068259064993	-0.117895962043041	-0.177795637269906	-0.308488454462759	0.0139579013809316	-0.132365535522	0.181716526843843	0.215231144514015	-0.0466612116716049	0.122228159798399	-0.229209252661701	0.205629597057883	0.718382351919277	0.299437086725501
P31949	0.29124246776051	0.539944308368141	0.251429082278584	0.534775550857556	0.113283670511427	0.114091689755006	0.639105137098962	0.382633126851045	0.507369257796674	0.882854213228209	0.666634146758135	0.833089138703058	0.475402552005104	0.655769711178601	0.476339193107908	0.819760427419702
P32119	-0.226114776188842	-0.265079412825859	-1.0472737964042	-0.481880114192263	-0.425935631476207	-0.482394057577132	-0.151477520674041	-0.226959107864837	-0.411039225101872	-0.211256105330956	-0.618806827792174	-0.285295415486031	-0.420979272373218	-0.38360959777273	-0.387300555568117	-0.203077267537129
P34096	-0.806066182682887	-1.27698239731016	-0.468277158437257	-0.642073393050511	-1.24883124838429	-0.372818785253406	-0.790894459843964	-1.5383390446725	-1.06865272730204	-1.59468114188133	-1.10278024020293	-1.4342142404585	-1.17685214613041	-1.50426611525596	-1.37080766320323	-1.92834424879928
P35527	0.532750765094406	-0.388351986151266	0.552491666454219	-0.488827874669422	-0.369547278147755	0.121475458050685	0.133865190150219	-0.228703382913417	-0.552078765944469	-1.76969111268599	-1.61119878166253	-0.120330028133213	-0.933245834261298	-0.560787697152349	-0.309505065216812	-0.640749156661815
P36871	-1.75741040105388	-0.866349820112863	-1.79466150978169	NA	-1.35261593760318	NA	-1.1879425625781	-0.935338262294275	-1.18584235440023	-1.11783203572035	-1.91725005611311	-1.34692197087784	-1.25982370054167	-1.6581775303389	-1.2369710231177	-1.51181205181267
P36952	-0.555044572877414	-0.316181441938939	-0.611303787174667	-1.05721474850817	-0.504350810067303	-0.662354197179807	-0.668865063736514	-0.461883579621703	-0.510265270938326	-0.38333310442038	-0.754269725458734	-0.706949959351252	-0.715364957232107	-0.533672587703168	-0.641426950324079	-0.601668618057442
P37802	0.215818244982797	0.381131284227158	-0.752667653607599	0.110108964575787	0.224484362597665	0.0435331999006867	0.392775677618182	0.452761703312342	0.349154227818978	0.412485995351199	0.191576251049033	0.283631834711102	0.232834325601155	0.179558650966791	0.161185085368903	0.391657920448316
P40121	-1.39927846168697	-0.557508658501186	-1.27325643125092	-1.66109428790874	-0.654681164297214	-1.43289861566375	-0.293276541643838	-0.296297747041252	-0.488447232058127	-0.251483399187553	-0.553016782943757	-1.05557693891394	-0.703081159957831	-0.514013704501185	-0.834518109787965	-0.338299715824807
P40394	-1.35034198885179	-0.439583538253912	-0.340033098091038	-0.226364417069275	-0.132442282494225	-0.762879388978942	0.177928739850372	0.337154723954255	-0.0212125023349393	0.105159042352542	-1.66921570697286	0.178418709501685	-0.0768536430729207	0.217528925623731	0.0996016076889214	0.522092171125706
P40925	-0.286742237775452	-0.107138000666695	-0.628300116740051	-0.257673393461679	-0.0600080166322649	-0.283502421456594	-0.0358066975846828	0.0299778452238041	-0.151321062935807	-0.164341069936897	-0.286313663859135	-0.336106948591167	-0.412460829273663	-0.321557817803483	-0.0390443162327131	-0.204508183858477
P46940	-0.765184131319835	-0.547346328910971	NA	-1.01537029685638	-0.972989651407279	-2.00332723018172	-0.749596180477448	-0.336390330548995	-0.6096342763586	-0.0625403489349335	-0.604725874752003	-0.369490984851324	-0.747163129492703	-0.564855313989417	-0.513112723131083	-0.355307381714525
P47756	-1.42291732491807	-1.11697486172799	-1.30851486110432	-1.0202878214265	-1.22886903742648	NA	-1.21490487979763	-0.960835324364607	-1.06140047723376	-0.795751119071219	-1.17702370168601	-1.05793494101449	-1.26156856175998	-0.983987906016766	-1.28636868842828	-1.11504288438768
P47895	-0.322427892654061	-0.187720961897954	-0.838244093560261	-0.655408367852291	-0.642678669322771	NA	-0.307053711354559	-0.0870504472258157	-0.235159930368721	-0.257627244676591	-0.586331632055267	-0.437506663512346	-0.452452505903304	-0.096741870650476	-0.232950962812033	-0.229422912902356
P48637	-1.01111675359058	-0.64517511250313	NA	-1.17145256150681	-0.861828319250686	NA	-0.705121853194128	-0.606194928234853	-0.710122237626405	-0.530293387519673	-0.881108104744391	-0.79747835686606	-0.701945621564917	-0.784537691895856	-0.656988434824976	-0.590481113550113
P49773	-0.546064318110611	-0.828883584943519	-0.836701593710954	-0.863120073435301	-0.935386836305658	NA	-0.720762987305123	-0.876903801903644	-0.943525156197956	-0.82438912476255	-1.30135997704517	-0.72319456093821	-0.820335449317704	-0.895841724374406	-0.529072290531807	-0.713032264859983
P49788	-0.803045658000196	-0.906200816324085	-0.483920436372363	-0.758792686097885	-0.758846985809238	NA	-1.03922485287883	-1.55704018808819	-1.14074697987984	-1.96769594684892	-0.814127491766591	-1.16804040246995	-1.01112032155444	-0.485323681608346	-1.14723761226743	-1.54608997846722
P50395	-0.218919955598364	-0.202327244890871	-0.857494003019809	-0.374888624343011	-0.426787291799104	-0.99698513835465	-0.186815433349785	0.0139924114775168	-0.182871947700428	-0.0915710586534118	-0.235957488808634	-0.248673106870523	-0.173278529918803	-0.179358264266355	-0.21300321492245	-0.143694252728584
P52209	0.128150473563375	0.348282995566553	0.178829835940313	0.164129438989976	0.281149142246825	0.151124092181397	0.296345842787764	0.447197081866152	0.608470494494213	0.678463176123566	-0.0236224005593282	0.348688000460648	0.288991121309789	0.494975275883733	0.545032572684855	0.418665377042528
P52565	-0.904547533739335	-0.667860940243793	-0.884700220456	-0.553455679443765	-0.797284093603798	-0.756857383842583	-0.922933578871952	-0.571461134470961	-0.804469185439355	-0.62746280050634	-0.792182467934843	-0.774148055611087	-0.678708837238229	-0.90589030380982	-0.70900723463765	-0.599529133500223
P52566	-0.457686321410463	-0.979750419213917	-0.910278526096274	-0.986011238384189	-0.831902245984764	NA	-0.789714125547959	-0.980015494435693	-0.609552714104627	-0.427447109978977	-1.19297593459258	-0.563149127978838	-0.899586069843591	-0.476879703351074	-0.322002527182628	-0.339266497783363
P52895	-0.33193404779153	-0.237959168125208	NA	-0.605508432946904	-0.962696051921358	NA	-0.551035096563809	-0.0230527071875341	-0.944667594421153	-1.03997585796074	-0.594579183439434	-0.606181923408912	-0.647766090088245	-0.374578121336362	-0.657525334355337	-0.978005533232304
P52907	-1.04289358040175	-0.88368942279036	-0.99046853223931	NA	-1.07052451756518	-1.20143222626804	-0.870327305657795	-0.904173701736134	-0.908409236225063	-0.767765621121743	-1.08017714463557	-0.934813010114296	-1.06864421443045	-0.983905628259625	-0.915859331681528	-0.830944404842175
P53634	-1.39518110889886	-2.05849020416723	NA	-1.55290382223625	-1.78793607637365	-1.05251517994464	NA	-2.30569095544386	-2.06606068394835	-2.19017578793349	-1.6784616967127	-2.16679122865378	-1.94323450366132	-2.17622223564625	-2.39286487975772	NA
P55072	-0.705151359502198	-0.410458007522431	-1.21508477930548	-0.891661583935477	-0.955120031380617	-0.842648641365301	-0.35434983873375	-0.69853569689727	-0.603748130306951	-0.237435867755054	-0.611267623395847	-0.383082335120595	-0.415450679594003	-0.53261288037539	-0.336037512832161	-0.372767670078886
P58546	-1.01764179424581	-1.17425566292614	-0.989013089046655	-0.767525981103492	-1.03521425051231	-0.869030874101657	-1.09246999615427	-0.959615500318948	-0.883170608409769	-0.637391859386341	-0.674622742520339	-0.881888574259342	-1.04153406544535	-0.969550729056722	-0.837318582743639	-0.933270897793978
P60174	0.839087855438371	0.975749759442819	0.708087972543876	0.643513588093709	0.792477491020077	0.642555697955486	0.913801818099651	1.17482043207826	0.976813813891906	1.01742695636334	0.797999099788849	1.01671783344983	0.911076169436332	0.996986506274434	1.27758204040142	1.26258953224148
P60660	-0.928826341913429	-1.01599608118758	NA	-1.01235782426748	-1.01152501369284	-0.668044476862629	-0.764129144797703	-0.901323605357957	-1.01218368875947	-0.454122196055296	-0.75392994104149	-0.901908471731025	-1.01015019284891	-0.769005778629569	-0.701889780588828	-0.599834347354308
P60981	-1.11478669697651	-0.453479377537248	-1.30452364419532	-1.03336868847443	-0.667352779800636	NA	-0.688019792824547	-0.500291477919607	-0.639873843123689	-0.608929004461413	-0.924680444958142	-0.693050967584106	-0.842022848380726	-0.759627264697037	-0.593203389609334	-0.654634874081271
P61158	-1.37688687695165	-1.05351227902035	NA	-1.48169908421455	-1.05792637103745	NA	-1.01985486885709	-0.841801846620468	-1.02170167328149	-0.569319387762053	-0.981002329453667	-0.861620372616396	-1.10658099066429	-1.32544756732259	-1.04422082876658	-0.848068311174046
P61626	2.96026734397579	2.76196519242928	2.77444259686931	2.89787553779474	2.7160343820567	3.01873120307799	2.97871539661396	2.75585461013408	3.07392042614321	2.49174128598015	2.91628940144258	2.82512837583894	2.91294046416866	2.77265153286588	2.53717886241141	2.59222400883908
P61769	1.42792038851026	1.04703696204214	1.37369297057912	1.43024911136349	0.97579761304197	1.39917539265771	1.19769557882018	0.812630659836288	1.26851222363707	0.266681875905278	1.32611862186044	0.941002574922134	1.06471614385696	0.774677382181684	0.64781374761894	0.548795935888038
P61916	-0.941329922790948	-1.84883353043528	NA	-1.18121699874219	NA	-0.645366518898071	-1.52504294105506	-1.92886399998214	-1.51122202642198	-2.26592009602529	-1.26473382967405	-1.73190792457382	-1.3824712554955	-1.68270122261263	-1.95633462991769	-2.03872595769464
P61981	-0.738365727772914	-0.9333199919873	-1.30250129481631	-0.772531391756999	-1.00257760636815	NA	-0.822213913951173	-0.77102993387936	-0.827620414482292	-0.769578338129655	-0.720650222087428	-0.893360981196941	-0.977939134589174	-0.926035544197503	-0.708653285932047	-0.833710432611791
P62258	-0.304023571758729	-0.0914716455423893	-0.903963470697742	-0.529239327766493	-0.117228529321635	-0.934697662155249	-0.0651524473333857	0.184932469886715	-0.0610488936931699	0.117855035102124	-0.274989600229809	-0.00102833411043001	-0.0925144158158494	0.132255037210548	0.221576547959768	0.117396687315182
P62937	0.395315648208658	0.631539957328964	0.29689799887616	0.261707981696507	0.43746230107826	0.367847910207349	0.469279399203056	0.672856661462477	0.623915851099438	0.723673449393993	0.456378471641666	0.527796265105333	0.493104176004119	0.525941281849917	0.77263666141777	0.876679309262119
P62979	0.0646871117659303	-0.340321781092454	-0.0190228457778245	-0.151632951216367	-0.199143118756482	0.0208135237245809	0.00821669112879345	-0.101852979497264	-0.129067373532708	-0.225706245499818	-0.135288661711653	-0.0478824095947867	-0.129201661124247	0.029710113275978	0.135061718183475	0.0788284208724131
P63104	0.792502669112665	0.972306381967494	0.715376883148306	0.686512254555078	0.745541280884256	0.614557909000975	0.964645047267019	1.15962670738573	1.06412874813701	1.0822938683018	0.833239464442465	0.99786269431223	0.884520877016581	0.977958984368899	1.19107512048206	1.22283866460036
P63241	-0.862825154347144	-0.917812582183173	-0.944228093138193	-0.830929826033691	-0.849666578311962	NA	-1.77694445559322	-1.08701831002186	-0.864004448257702	-0.619141475798016	-0.637149561619604	-0.739309483602328	-0.824073878206198	-1.04527794557943	-0.695741132334364	-0.767243044618387
P63261	1.71851188253095	1.90102704974804	1.4845101071223	1.50835754540514	1.62460420741548	1.3164598014372	1.82628136657064	2.02457836069592	1.87520478827057	2.09409057663816	1.63502990242289	2.04282344022781	1.80067039852997	1.95910555451839	2.00764731818593	2.09803556487347
P67936	-0.567234391654457	-1.16625391263774	NA	-1.729341390465	-0.857770608582762	-0.745662633188504	-1.00201390719001	-1.04162307082805	-1.0026549973543	-0.718058184923374	-0.967295728721899	-0.909022684978267	-0.779356258639973	-0.802770090718095	-0.538735695095707	-0.55211289090478
P68032	0.0505953126403981	-0.209684390667458	NA	0.0382561696281334	0.016822423680171	-0.263344616677461	-0.421172339758166	-0.0471709425797067	0.0120205389217391	0.203443872391207	-0.0194986579072484	0.119473634743414	-0.0429400410921631	-0.0326784300599612	0.155446828003767	0.131152441946734
P68104	0.726701674016681	0.868622564865893	0.544372449329905	0.588654937369573	0.654005230262534	0.165947840464839	0.852231823736311	0.79877756341213	0.780765274769729	1.07962778267389	0.619354551078243	0.962426569644305	0.74634659746688	0.809672845127465	0.548331687780155	0.775422683471505
P68363	-0.161341119305346	0.130068002507817	-0.796929081542121	-0.615173821204314	-0.124202468138986	-0.655627115915401	-0.0994068427680089	0.137307594897584	-0.054526255236849	0.172110259375825	-0.0732286162633633	-0.0778091823843867	-0.130576473296104	-0.21275335065898	-0.284949876037814	-0.0799949115325132
P68371	-0.0504395873250842	0.459345141249807	-0.702182646369276	-0.0589161858652214	0.104178431485432	-0.00573676772068715	0.137035397839204	0.430891126199324	0.282773128192902	0.377210798931854	0.236199653647796	0.255905110991876	0.131425632940003	0.0221595568133776	0.064105210348308	0.229802922053792
P80188	1.03584308364686	0.633911848536551	0.564757373310877	0.760484574336254	0.534338032990652	0.527878954212651	0.68750716358469	0.513921968071648	0.360412762545307	0.214674744060924	0.581774538738788	0.949699595951595	0.750361451116707	1.00291729967796	0.678511174800149	0.623183197936068
P80303	0.166246759954875	-0.821607598839612	0.1296268418231	0.155254423868364	0.0324856043198823	0.295083318147499	-0.24425399264121	-1.3752207445357	0.0193810472314252	-0.910591465406029	0.000976111049279195	-0.643046523851514	-0.214763287697595	-1.08956043256732	-0.894586693628271	-0.987306848792279
P80748	-0.440820334453165	-0.857654869801192	-0.32861355728408	-0.615199017231202	-0.249228190252946	-0.496355054862097	-1.00608210949674	-1.47597932475841	-1.37248237615307	-0.906188379791087	-1.01651263280524	-1.36658535576385	-0.486660500125191	-1.00146849484523	-0.557065927455763	-0.723058766912338
P98160	-0.30751400931305	0.112541259121289	0.489025597140097	-0.254181092286048	0.0217635829434356	0.601640260442541	0.516831276894884	0.102885957654142	0.178912385262478	-1.20240084398753	0.700617417650694	-0.306292158921701	0.05979197284986	-1.28052929418615	-1.74456016853025	-0.434616690949262
Q00796	-1.20539978272367	-1.1787263818719	NA	-1.2759073520547	-0.861290718040586	NA	-0.611988085337008	-0.851847706633709	-0.874987216293963	-1.07374419736554	-0.558666477211055	-0.959301992533619	-0.576339091910136	-1.32157972613959	-0.967606803691475	-0.792781911723508
Q01469	0.379567271796605	0.33886743714289	0.26249928599558	0.118292118537759	-0.00739759255398226	-0.183061647315729	-0.283923068698745	-0.124646321497538	0.265551505276925	0.405594048158349	0.300028043288632	0.275305277715973	0.190082815464346	0.0885559891140953	1.04623900450479	0.534593842733804
Q01518	-0.575208716335265	-0.330177299283118	-0.615535709344171	-0.43095338595732	-0.396371708880834	-0.389791969012032	-0.146563439770857	-0.211641851614302	-0.288955651334127	0.0106668253448483	-0.279862266713312	-0.188768868719347	-0.343888693886966	-0.291754581195574	-0.177226358215321	-0.178448230260333
Q04760	-0.552578515813044	-0.712153572008537	NA	NA	-0.857160653348282	-0.989815710405899	-0.841938051024211	-0.814755121037855	-0.990542029740478	-0.524669022110045	-0.878766458037457	-0.841447312144952	-0.522718468601046	-1.24887494793921	-0.843391893695755	-0.557978622981502
Q04828	0.49946693338019	0.848414895047063	-1.01825022768871	0.223731921759274	0.285983260074555	-0.790727878981031	0.254584113395098	0.608072794866103	0.22844303130828	0.141773908456673	0.446733233748728	0.526641785210799	0.559568805406183	0.397443010841533	0.172342846342948	-0.150618083342344
Q06323	-0.264555555531285	0.314681751404994	-0.198450169736081	-0.0164948874923403	0.00784397729547308	-0.453740921214901	0.0400984887902285	-0.00199047919059981	0.0431865195280209	0.291071401687857	0.290337507459431	0.19911548039923	0.0548698503749354	0.0292144490022686	0.351820041354875	0.193143446652412
Q06830	0.91052014060096	0.963519339614634	0.705592234618748	0.82128530481324	0.954626425645745	0.600947248745492	1.12509837131081	1.18539091512564	0.971223738526635	1.2280334585276	0.803021929175239	1.12377843141488	0.992132040067911	1.08976894222369	1.16944319968855	1.23876192337778
Q08380	0.638997146710184	0.138414380751235	0.626979689158386	0.735857717391581	0.442954169619357	0.905810976537169	0.427708800617316	0.102087679197595	0.286734736355225	-0.488015203777799	0.755563927452844	0.0179425526584962	0.484080288511809	-0.146644559142094	-0.51055889706945	-0.349102760691767
Q13228	0.320589745689382	0.735671660300155	0.394533856300597	0.403358352887742	0.544445047133713	0.311543403967833	0.636127151065975	1.02780332204422	0.559795430980055	0.682494089399162	0.613578715678545	0.709066229717969	0.754700293449753	0.460236638302103	0.630819209581864	0.933091322189212
Q13421	0.0121598818617045	0.0783670927896502	0.822709914280034	0.520488605031456	0.637640352844281	0.145518276823495	-0.0498499260604345	-0.459755243900891	0.651892680844548	-0.231618725109699	0.453531249242201	-0.000986525913832163	0.309484305266789	-0.210888294420869	-0.397903359280769	-0.410207983312131
Q14508	-0.585589025691849	-1.20950243631227	NA	-0.862843572654857	-1.11534223804161	-0.858055202720481	-1.12172779588348	-1.10704735667086	-1.02119301956649	-1.5584242941153	-0.933407106804414	-1.26623823406458	-0.999061586191485	-0.767549259515019	-0.993273964679452	-1.22896433794494
Q14515	-0.61230702104981	NA	-0.623845420785601	-0.498773627436955	-0.774750888814924	-0.0455871206884214	NA	-1.74909381813672	0.0108758041411406	NA	-0.521422666333076	-1.16024809812502	-0.841756440083864	-2.23063130730367	NA	-2.05717767924015
Q15121	-1.16727601277332	-1.46681507619218	NA	-1.22198887245853	-1.39771335021333	-1.34249491225107	-1.64156341348663	-1.85476979936758	-1.52881667400412	-1.22466462091452	-1.32461071466223	-1.61850898381007	-1.43294230485411	-1.39904932656975	-1.11859220408056	-1.43788270936484
Q15782	-0.690300750173206	-1.09126905609624	-0.560542897927991	-0.335821037612103	-1.05738259825163	-0.176430832819168	-1.06980589462041	-1.39676320676952	-1.24024123422883	-1.90176904149217	-1.09341636135077	-1.68216107525664	-0.751645618356556	-0.649494233269851	-1.78258957020937	-1.9816732881579
Q16378	2.30792964086183	1.60614120632931	0.233977081683015	2.07387927430877	2.17382275512089	2.19457738916046	2.33618693746899	1.73897666305286	2.09737846788176	1.56857394266321	1.86458884370294	1.66116185604497	2.0503311581307	1.71094581440328	1.76590013867023	1.31264909206474
Q16651	-1.15028206014838	-2.06078117574434	-1.00439332375487	-1.18609387027057	-1.04902051753589	-1.12085705371056	-1.76056401079574	-2.04644693777032	-1.45971797917674	-1.88692053881315	-1.27063070404477	NA	-1.4370164400304	-1.43955427409155	-1.54633724065379	-2.43176783622931
Q6ZVX7	-0.918016936358517	-1.32284080211352	NA	-1.21364932485885	-1.36998580929531	-1.29080406249858	-1.40866187027512	-1.56391853620602	-0.893375419575553	-0.865118547872324	-1.09406607960037	-1.09521442718278	-0.947843586825067	-0.738304228637084	-0.547875263351929	-0.353222665695901
Q7Z406	NA	-0.512864732208772	-0.189293155709483	-1.08998456669768	-0.457811376366706	-1.13859165930993	-0.134061206472482	0.14497182947664	-0.818189818246014	0.216712517217669	-0.474788753582646	-0.633815220355984	-1.35472122753632	-1.17823453111358	-0.394116626447348	-0.108478423595965
Q8N474	-0.803640498437451	-1.55563776488285	-0.479008808856256	-0.601168258753599	-1.08412832610092	-0.26705060677885	-0.841148669045685	-1.9725408471514	-1.13393156381529	-1.36338185018379	-0.764899999758869	-1.74519569713549	-1.05567251913335	NA	-2.02482554142555	-1.87474988664984
Q8NFU3	-1.42285598875819	-1.27234040894731	NA	-1.10169460045739	-1.201902892237	NA	-1.42568103031825	-1.40058599460244	-1.44072447855647	-1.40608584945413	-1.33422558186419	-1.50070327012645	-1.46107834052475	NA	-1.86956123747927	-1.86187782364475
Q8WUM4	-1.28812331932348	-1.09372764995761	-1.80068612668693	-0.850928786419296	-1.39186872611218	NA	-1.13540909355057	-1.17056201104586	-1.17587235137349	-0.748296935117157	-1.16569913259001	-0.974641694924184	-1.46809884827372	-1.31518606042019	-1.1184969048967	-0.881336083741298
Q96DA0	0.721384608745711	-0.42815243179298	0.503753311655791	0.205792571765131	0.172220273477347	1.24016027356554	-0.407888153399648	0.298685349884326	0.196351451894126	-0.16163979074301	1.00397109776948	0.0491161232901661	1.00782435668514	-0.449302532296556	-0.739134850497892	-0.640679532916582
Q96KP4	0.204034952180307	0.330144254971312	0.004366094933835	0.1234741976453	0.164461174333462	-0.171126518122127	0.379922842633614	0.323484846502273	0.296482836058506	0.44011744453567	0.397098607091043	0.350545430273765	0.282975958723311	0.190686934513051	0.522133146185308	0.384108410914483
Q96S96	-0.294420179902879	-1.57821773849767	-0.856806925046705	-0.355629814468246	-0.726932340582248	-0.351391578343856	-1.37649785841742	-2.0387982401358	-0.929297887642964	-1.61122156724654	-0.684798468614862	-1.21106868291906	-0.915521226852964	NA	-1.58390595800848	NA
Q99497	-0.255262782893073	-0.252916225416438	-0.316761050626933	-0.181802123760137	-0.192483631660483	-0.472434059100029	-0.238865889507071	-0.157867786345819	-0.373177764616404	-0.104865934826277	-0.3560054430837	-0.312540508730263	-0.253530542904452	-0.367267888520342	-0.320018215073547	-0.328853712790639
Q99935	1.27441957837103	0.772641474273403	0.939104011518761	1.44406133986455	0.969450290702151	1.62220194537975	1.0759753980847	-0.0074641146939509	1.09297611529146	1.02442361297869	1.27880226849546	0.568368908772025	1.09450344966205	0.286682703631748	0.141620964187647	-0.0227953562807923
Q9GZZ8	2.19845927960699	1.60360457537286	2.12220903795894	2.36081810078208	2.4434354699615	1.95131348389889	2.4619102840305	0.736853597185967	2.44184754279852	1.78128657894908	2.05256079987332	1.89546295600191	2.05617443301314	1.66571316092498	1.47397753535632	1.05232295681811
Q9H299	-1.27135968946808	-1.5012957418941	NA	-1.38588777304098	-1.74684191693524	-1.40209840604122	-1.73993609759438	-1.46124901519642	-1.573258236074	-1.33443173813411	-1.3430791899745	-1.42821518695288	-1.52852187412646	-1.48842369691806	-1.17757675457402	-1.36968863319059
Q9HC38	-0.816445922567772	-0.764132918503855	-1.24942895265718	NA	-0.633457159368234	-1.32544100177476	-0.608148536099025	-0.394441386750721	-0.596536624324289	-0.506327757182714	-0.828287888787398	-0.774503266027314	-0.702711214159441	-0.987743052088421	-0.452009610844093	-0.46511611386369
Q9NY33	-1.26465347934426	-1.09553026641613	-1.05903260716534	-1.08952559114521	-0.938195342611551	-1.18340025941971	-0.952065987576417	-0.810127999478896	-1.01133598576945	-0.860950167098874	-1.19297593459258	-1.34339233981707	-0.95134930737431	-1.05557321636611	-0.645540190155609	-1.11960147545317
Q9UGM3	1.15063306866752	1.3991467832345	1.3481644946723	1.93288857635331	1.26826688500086	1.85433977956045	1.19015381505608	0.730394631966936	1.02008622401618	0.250396836616835	1.67287996227741	0.505696839770847	1.39467250038579	0.993296578530976	0.464385842760113	-0.202374876374235
Q9UL46	-0.343474034382556	0.072254447751777	-0.406719945730142	-0.169196709734986	-0.155973819374366	-0.736205728336042	-0.121797528819487	-0.185306756111561	-0.126204735206073	-0.00672902705463351	0.16301880609339	-0.0540655308049125	-0.174067178989738	-0.202987968692475	0.129244797783336	-0.109458797077887
Q9UN36	-1.30441610065182	-1.22656508185972	-0.927146845296465	-1.06082267224073	-1.42953052583612	NA	-1.36550229949229	-1.29309054023806	-0.925051116206388	-0.621971865055454	-1.37739511792857	-1.17340486186513	-1.34853045708175	-1.00699299844695	-0.838120951202914	-1.06373635969779
Q9Y5Z4	-0.705881306280203	-0.777042152374831	-0.66815555067133	-1.03628213293692	-1.04987798083273	NA	-0.755345399080501	-0.955227028023177	-0.755767815457362	-0.495461364421929	-0.967781322347256	-0.817368663610832	-0.867573003299181	-0.97091908952323	-0.326031470097096	-0.677133536050726
