NC1	NC2	NC3	PDR1	PDR2	PDR3
A0A024R644	7.06931549454008	6.87282875953489	6.89845023280787	6.77214959078454	6.83162393682075	6.79311555527435
A0A075B6H7	6.55765515472542	6.57288966842058	6.58496250072116	6.48220292629596	6.53605290024021	6.50620838930675
A0A075B6H9	6.40599235967584	6.31650781910311	6.37851162325373	6.09592441999854	6.21334728173344	6.13750352374993
A0A075B6I0	6.06177619758669	6.5713734359732	5.86294724802092	6.95535930524299	6.67101024127845	6.49185309632967
A0A075B6I1	6.25550073314839	6.19377174339668	6.32373033752135	6.88874324889826	6.92718535782637	6.97039353791468
A0A075B6I9	6.24982454861618	6.20554891117303	6.2460279805281	6.47735352663456	6.51412226017071	6.51254295509686
A0A075B6J9	6.5077946401987	6.5453506448223	6.60880924267552	6.84924870276441	6.89481776330794	6.83289001416474
A0A075B6K0	6.44294349584873	6.56529252058102	6.37677657188298	6.74819284958946	6.71149490665009	6.69766263347052
A0A075B6K4	6.2667865406949	6.26491169307446	6.33091687811462	6.80477637795583	6.85673675611911	6.87159726561385
A0A075B6K5	6.4110872267986	6.5298209465287	6.41616416473313	6.62351574149055	6.70321146739115	6.5909612413426
A0A075B6R2	6.30012372456901	6.29829173062012	6.39746072605472	6.467605550083	6.50303064564116	6.63081315229913
A0A075B6R9	6.20359271420771	6.20750245925879	6.13545278418517	6.52042224852645	6.56071495447448	6.59395128394841
A0A075B7B8	6.50462039240355	6.57893871309339	6.467605550083	6.67383905599044	6.68650052718322	6.6724253419715
A0A075B7D0	6.16188768237689	6.21334728173344	6.29278174922785	6.98413359454098	7.06716542701711	7.08321336824898
A0A087WSV8	7.25077213159993	7.09064175191785	6.84423498775875	6.71287086768991	6.78659636189081	6.61028665708102
A0A087WSX0	6.16390121381454	5.96578428466209	6.06824086131282	6.20750245925879	6.32192809488736	6.39231742277876
A0A087WSY4	6.93310047493137	6.97039353791468	6.92837032301897	6.54689445988764	6.53605290024021	6.47735352663456
A0A087WTY6	7.3671963100259	7.35226417325832	7.34429590791582	6.34340782229781	6.32553033156756	6.31288295528436
A0A087WV75	7.04001567884788	6.98299357469431	7.01010845347429	6.43629511983936	6.5077946401987	6.4178525148859
A0A087WW87	6.38024459047818	6.37851162325373	6.41447383643093	6.58496250072116	6.62789861587175	6.62935662007961
A0A087WWT2	6.85549144310187	6.71699089440494	6.8073549220576	6.4757334309664	6.54689445988764	6.57288966842058
A0A087WWT3	6.52512925120397	6.5894638929561	6.57742882803575	6.69488019279919	6.64529816394863	6.63952159951083
A0A087WXW9	6.37851162325373	6.40769264866568	6.34695688937888	6.30560578958543	6.29829173062012	6.3110671022556
A0A087WZM2	7.28355142317431	7.21916852046216	7.25833047261243	6.49345520092618	6.49984588708321	6.43462822763672
A0A087X089	6.05961485629722	6.09169983413681	6.29278174922785	6.96347412397489	6.90568784852686	6.79051141189419
A0A096LPE2	6.41616416473313	6.33985000288462	6.4594316186373	6.37851162325373	6.49505552836802	6.43295940727611
A0A0A0MQT0	6.77478705960117	6.66106547980695	6.75622271284729	6.15583017155653	6.08746284125034	6.36282052553426
A0A0A0MRJ7	7.36106648879432	7.33628338786443	7.34872815423108	6.47735352663456	6.50303064564116	6.38715571766298
A0A0A0MRZ8	6.59842476052772	6.56071495447448	6.60436789989375	6.46107011403305	6.50937914891469	6.47248777146274
A0A0A0MS09	5.27052894238072	5.32192809488736	5.34340782229781	5.8073549220576	5.75221336786514	5.79181407116183
A0A0A0MS15	6.64961545906341	6.56833618213375	6.63372181264101	6.49984588708321	6.44956137461324	6.47735352663456
A0A0A0MS64	7.06931549454008	7.13955135239879	7.08746284125034	6.68088692071969	6.6906964439777	6.5298209465287
A0A0A0MSY2	6.16591193893569	6.14159627838382	6.13134253912326	7.29001884693262	7.32732808262995	7.53605290024021
A0A0A0MTA3	6.5453506448223	6.32732808262995	6.60139939053183	6.05311133645956	6.14567745519564	6.12722055048807
A0A0A0MTS2	7.25077213159993	7.15785216914174	7.20847824221171	6.61618123133188	6.63517394667492	6.3819754785573
A0A0A0MTS7	6.56224242422107	6.53294028837287	6.61176256006487	6.44294349584873	6.43796008833447	6.30742852519225
A0A0B4J1S4	7.18982455888002	7.05528243550119	7.04111153536915	6.87159726561385	6.73063995591679	6.68790052248075
A0A0B4J1U7	6.12101540096137	6.01792190799726	6.17392693199981	7.06177619758669	7.05636676102453	7.1053847492476
A0A0B4J1V0	6.76553474636298	6.53449743373817	6.58796498888268	6.41447383643093	6.68650052718322	6.4757334309664
A0A0B4J1V2	6.52042224852645	6.4870360800319	6.34872815423108	6.44128427192704	6.49505552836802	6.38370429247405
A0A0B4J1V7	5.76022094646651	5.79441586635011	5.762880292917	6.83541884047548	6.78267065867701	6.96347412397489
A0A0B4J1X5	6.38370429247405	6.28355142317431	6.33985000288462	6.49185309632967	6.50462039240355	6.57742882803575
A0A0B4J1Y8	6.08108392868763	6.12515513132229	6.12308675098106	6.31469652565629	6.34518344718767	6.39574832817903
A0A0B4J1Y9	6.27052894238072	6.22689381357139	6.27798474729977	6.4262647547021	6.55765515472542	6.54689445988764
A0A0B4J231	6.35226417325832	6.33628338786443	6.34872815423108	6.36106648879432	6.40258575823259	6.38543103719352
A0A0B4J2B3	6.91767043436176	6.80477637795583	6.93545974780529	6.86170728658586	6.82273014794452	6.8592241619782
A0A0B4J2B5	6.59842476052772	6.49185309632967	6.83794324189103	6.51096191927738	6.57591736111815	6.53605290024021
A0A0C4DFU2	6.31831684133498	6.22689381357139	6.34340782229781	6.16992500144231	6.22110372536788	6.15380533607904
A0A0C4DFZ2	7.08746284125034	7.05419729438881	6.9898202201176	6.47411151394241	6.4966540825935	6.4178525148859
A0A0C4DG49	6.8008998999203	6.79051141189419	7.27239650903748	6.45779126025604	6.67807190511264	6.74416109557041
A0A0C4DGB6	6.67807190511264	6.68088692071969	6.68369645430652	6.63952159951083	6.62205181945638	6.62789861587175
A0A0C4DH25	6.52512925120397	6.51727569320958	6.59544398458948	6.5713734359732	6.63081315229913	6.68369645430652
A0A0C4DH26	6.62497817956904	6.61028665708102	6.4708621994137	6.34695688937888	6.36106648879432	6.5077946401987
A0A0C4DH31	6.24031432933371	6.19377174339668	6.30560578958543	6.41278152533848	6.4708621994137	6.4594316186373
A0A0C4DH34	6.38370429247405	6.38887833881199	6.39746072605472	6.36981542428391	6.43796008833447	6.42122329922514
A0A0C4DH35	6.13955135239879	6.13134253912326	6.05961485629722	6.45285896471381	6.64673869830785	6.92005505480697
A0A0C4DH38	6.25927248703759	6.27052894238072	6.31650781910311	6.10643207781693	6.18189764310839	6.17392693199981
A0A0C4DH39	6.24792751344359	6.20359271420771	6.2364926183813	6.20554891117303	6.39059890555246	6.38715571766298
A0A0C4DH43	6.14974711950468	6.04220656012069	6.03342300153745	5.99548451887751	6.10223819393074	6.07253459972295
A0A0C4DH72	6.4245862262511	6.54225804976692	6.46270675067016	6.55151601762801	6.59991284218713	6.73876783680019
A0A0G2JHI1	6.96578428466209	6.9898202201176	7.04111153536915	6.67383905599044	6.71699089440494	6.69766263347052
A0A0G2JIW1	6.74550626586916	6.89602960297675	6.82654848729092	6.75755668893945	6.96116025813664	6.7839804136838
A0A0G2JLB3	7.09697863637054	7.0703893278914	7.04220656012069	6.48864353985378	6.43462822763672	6.41616416473313
A0A0G2JMB2	5.6724253419715	5.60584986719498	5.57893871309339	7.03782146543497	6.99435343685886	7.04766925139131
A0A0G2JNH7	5.98413359454098	7.01792190799726	7.19179950106508	5.95419631038687	6.8923910259134	6.14974711950468
A0A0G2JRQ6	6.84423498775875	6.84172158112846	6.78135971352466	7.02569327368077	7.0574502721839	7.0948694327187
A0A0J9YY99	6.07253459972295	6.08533966935737	6.00674683244058	5.877744249949	5.93073733756289	5.92362461136832
A0A0U1RQC5	6.98299357469431	6.92481250360578	6.92599941855622	6.58646452588639	6.54843662469604	6.51569983828404
A0A140TA33	6.55612281784117	6.64817779572482	6.61028665708102	6.70735913208088	6.76553474636298	6.67807190511264
A0A1B0GTB0	7.25550073314839	7.25644459647344	7.231701199029	6.38887833881199	6.51727569320958	6.4110872267986
A0A1C7CYX9	6.39746072605472	6.55612281784117	6.59693514238723	6.41278152533848	6.49345520092618	6.56224242422107
A0A1W2PR46	5.73876783680019	5.88264304936184	5.75221336786514	5.68929916053589	5.64673869830785	5.65821148275179
A0A286YEY1	5.99095486039699	5.98641093525204	6	6.4110872267986	6.4643415327611	6.47411151394241
A0A286YEY5	7.22110372536788	7.17492568250068	7.15886210620845	6.36457243229586	6.30742852519225	6.24982454861618
A0A286YFF7	6.24222139509837	6.11270013274936	5.98868468677217	6.04220656012069	6.00898878322726	6.01792190799726
A0A286YFJ8	6.7045953476324	6.71836162613835	6.68088692071969	6.51412226017071	6.53605290024021	6.55612281784117
A0M8Q6	5.5077946401987	5.53605290024021	5.72519581722666	5.83794324189103	5.98868468677217	5.92599941855622
A1L4H1	6.59991284218713	6.68790052248075	6.72655877910497	6.48058827023386	6.24412594328373	6.44790974874208
A8MV23	6.76420813013995	6.74146698640115	6.6409679104499	6.44956137461324	6.51884982870769	6.44128427192704
B0YIW2	5.12101540096137	5.23266075679027	5.24412594328373	6.43796008833447	6.4870360800319	6.48864353985378
B1AHL2	6.93781516880342	6.88752527074159	7.04548665635946	6.31469652565629	6.4110872267986	6.39917109381982
B4DPQ0	7.21819994369474	7.18189764310839	7.16289479937478	6.32912359629157	6.35755200461808	6.28725064325462
B4E1Z4	6.4708621994137	6.4643415327611	6.48542682717024	6.51884982870769	6.57591736111815	6.56985560833095
B5MCX6	6.15785216914174	6.10643207781693	6.14567745519564	6.28909670241999	6.62789861587175	6.66959375118833
B7Z6Z4	6.62351574149055	6.68369645430652	6.5438051759644	6.69627208392586	6.19377174339668	7.02680005934372
B7ZL91	6.52512925120397	6.25927248703759	6.3037807481771	7.33181268381921	7.25550073314839	7.25927248703759
C9J2H1	6.93428059364002	6.91049283228871	6.91647664443772	6.4643415327611	6.52825874275841	6.51569983828404
C9JB55	6.77082904603249	6.75087443965685	6.92837032301897	6.56985560833095	6.55918586578773	6.69627208392586
C9JF17	6.44790974874208	6.45779126025604	6.46597446450407	6.57893871309339	6.65391987311942	6.63807383718072
C9JIF9	6.21723071622067	6.16992500144231	6.01122725542325	7.46923479366766	7.25927248703759	7.40769264866568
C9JIZ6	7.68158981722124	7.19672506078603	7.23266075679027	6.55151601762801	5.96116025813664	6.35226417325832
C9JU00	4.90689059560852	5.14974711950468	4.98641093525204	6.22110372536788	6.26115467261557	6.44294349584873
C9JVG0	6.91528186586766	6.82527683005487	6.81378119121704	6.24792751344359	6.20945336562895	6.13134253912326
D3YTG3	7.08427691053149	7.00786824333334	7.05853297020161	6.77346892790519	6.77346892790519	6.74550626586916
D6RAR4	6.62205181945638	6.59842476052772	6.52199295640167	6.72246602447109	6.61176256006487	6.71149490665009
D6RF35	5.21334728173344	5.12515513132229	5.29645740737124	6.97498811199193	7.02901108665907	7.09381367340273
D6RGZ6	6.95419631038687	6.90568784852686	6.89481776330794	6.8592241619782	6.82527683005487	6.80219321694183
E5RIF9	6.5909612413426	6.35402893805439	6.28540221886225	6.93428059364002	6.92599941855622	6.95884267524324
E5RJR5	6.30560578958543	5.96578428466209	6.30742852519225	6.77214959078454	6.82017896241519	6.99774402605963
E7EMB3	7.04439411935845	6.95070169008901	6.89481776330794	6.48220292629596	6.48864353985378	6.4110872267986
E7END6	6.50303064564116	6.50620838930675	6.54070926267143	6.36106648879432	6.54070926267143	6.40599235967584
E7EQR8	6.84674402324487	6.87897051015108	6.91408609701272	6.56985560833095	6.51096191927738	6.53138146051631
E7ETH0	7.00112666545428	6.98413359454098	7.00337736020232	6.34695688937888	6.38715571766298	6.33985000288462
E7EUF1	7.3671963100259	7.34074028063018	7.3389591754152	6.33449676839042	6.36632221424582	6.25361115194717
E9PGA6	6.92599941855622	6.88630626345243	6.93663793900257	6.51254295509686	6.43462822763672	6.39059890555246
E9PGN7	6.97154355395077	6.94953493301701	6.97498811199193	6.32912359629157	6.36106648879432	6.32373033752135
E9PK25	6.61028665708102	6.68929916053589	6.61028665708102	6.97384083953315	6.98754825895374	7.02569327368077
E9PR17	7.06069593168755	6.91408609701272	7.00450139223494	6.67807190511264	6.54843662469604	6.61618123133188
F5GWQ8	7.42710328715284	7.36632221424582	7.40854204229686	6.1168637576909	6.12515513132229	6.0639343057541
F6S8M0	7.10852445677817	7.10328780841202	7.07253459972295	6.57893871309339	6.57288966842058	6.5298209465287
F6SYF8	6.97039353791468	6.97384083953315	6.98413359454098	6.6667565918848	6.65821148275179	6.66959375118833
F6WQW2	5.67807190511264	5.78920757534734	5.89965902637744	7.69905184401685	7.4110872267986	7.66888498426625
F8W1S1	7.7983097824546	7.72587745912023	7.79766152585376	6.0746766862945	6.43629511983936	6.08533966935737
G3V1C5	7.30286736097287	7.20359271420771	7.35843142862635	6.47411151394241	6.33806779754262	6.467605550083
G3V1N2	5.46923479366766	5.39231742277876	5.73876783680019	7.04001567884788	7.15380533607904	7.2460279805281
G3V3D1	7.41531924814038	7.46923479366766	6.94953493301701	6.37503943134692	6.38715571766298	6.29278174922785
G3XA98	6.92005505480697	7.17092652528738	7.03452387533439	6.57288966842058	6.62789861587175	6.58646452588639
G3XAK1	6.50620838930675	6.54997714277182	6.44294349584873	6.46923479366766	6.50462039240355	6.52042224852645
G8JLH6	7.16791986555194	7.2278565730605	7.18685706717715	6.82527683005487	6.59991284218713	6.35931031689044
H0YAC1	6.28909670241999	6.26303440583379	6.25738784269265	6.47248777146274	6.48864353985378	6.50143914515887
H3BLU2	7.13545278418517	7.11790278909403	7.1333991254172	6.38024459047818	6.4446008137115	6.4178525148859
H3BP20	7.34961297182452	7.33002051583608	7.34163000932991	6.35755200461808	6.38370429247405	6.27612440527424
H3BR70	7.06069593168755	7.00562454919388	6.99661471481536	6.38543103719352	6.54997714277182	6.37330019660839
H3BTH8	5.79701297783614	6.00674683244058	6.04875931191986	7.04001567884788	6.5713734359732	6.62935662007961
H7BY55	6.85673675611911	7.00112666545428	6.90809234081827	6.8008998999203	6.5894638929561	6.8073549220576
H7BY58	6.62789861587175	6.68790052248075	6.64241277290506	7.2364926183813	7.22207035524718	7.23074100262691
H7BZJ3	7.37155886261196	6.40258575823259	7.06285565520599	6.77741971551583	6.85049941375812	6.69766263347052
H7C013	6.41616416473313	6.18784690943957	6.33091687811462	6.46270675067016	6.43629511983936	6.55458885167764
H7C0L5	6.33806779754262	6.16791986555194	6.28909670241999	6.54070926267143	6.65535182861255	6.59693514238723
H8Y6P7	7.14873077917319	7.02125762056052	7.12205144771389	6.43796008833447	6.49024921062709	6.42290574261218
I3L0A0	7.36806987653208	7.3741700760685	7.19574129324645	6.73063995591679	6.86666075081999	6.78659636189081
J3KN67	6.75488750216347	6.71011763204345	6.87282875953489	6.92718535782637	6.53294028837287	6.4870360800319
J3KNF6	7.77939105953591	7.48381577726426	7.85112436288675	6.51096191927738	6.68650052718322	5.84799690655495
J3KNP4	7.0574502721839	7.15886210620845	7.14974711950468	6.49024921062709	6.43629511983936	6.36981542428391
J3KPA1	6.74281466986289	6.59395128394841	6.71424551766612	6.60288440871842	6.60584986719498	6.58646452588639
J3KPS3	6.82527683005487	6.81249822533356	6.81890167588564	6.80219321694183	6.85049941375812	6.81121411751324
J3KQ66	7.03121873061072	7.00562454919388	6.94251450533924	6.66533591718518	6.75355105460065	6.6724253419715
J3KQC6	6.4594316186373	6.4262647547021	6.39917109381982	6.57742882803575	6.61176256006487	6.67666233485797
J3KQE5	6.53605290024021	6.45450493755737	6.48864353985378	7.00337736020232	7.06501215043695	7.20554891117303
K7ELC2	6.82527683005487	6.86294724802092	6.24982454861618	6.73063995591679	6.53294028837287	6.63226821549951
K7ELL7	7.09275714091985	7.09275714091985	7.07788386443832	6.37677657188298	6.32912359629157	6.35402893805439
K7ER74	5.86542397831313	5.89481776330794	5.8923910259134	6.26865895502767	6.3327079336406	6.39917109381982
K7ERG9	6.94953493301701	6.86170728658586	6.84924870276441	6.80219321694183	6.83162393682075	6.74416109557041
K7ES00	6.83920378809694	6.84423498775875	6.78790255939143	6.39403389536778	6.4757334309664	6.34518344718767
M9MML0	6.66533591718518	6.74146698640115	6.75087443965685	6.58345891013077	6.44790974874208	6.57893871309339
O00115	7.21723071622067	7.06824086131282	7.50858711208948	6.20163386116965	6.39231742277876	6.3019533951261
O00292	7.42961596420174	7.29553937040683	7.51727569320958	6.16591193893569	6.18189764310839	6.27239650903748
O00391	6.69348695749933	6.71149490665009	6.72383156649532	6.63952159951083	6.66106547980695	6.69905184401685
O00461	6.32012359804061	6.28909670241999	6.3327079336406	5.89965902637744	5.90448409790142	7.10433665981474
O00462	7.08640164588003	7.05202456048283	6.95303237725324	6.4093909361377	6.28909670241999	6.28169825009883
O00468	6.71011763204345	6.63226821549951	6.60584986719498	6.84423498775875	6.82654848729092	6.82908844400489
O00533	6.89602960297675	6.84549005094437	6.8972404255748	6.44956137461324	6.52512925120397	6.48864353985378
O00754	7.44045394382303	7.16188768237689	7.34251918966061	6.21140163741847	6.28725064325462	6.59245703726808
O14498	6.86913111964429	6.79051141189419	6.82908844400489	6.65963918701565	6.5298209465287	6.33628338786443
O14594	6.7279204545632	6.7279204545632	6.78659636189081	6.877744249949	6.88874324889826	6.84297883178833
O14745	7.10013667128545	7.3037807481771	7.17791779219584	7.74214098549815	7.18982455888002	6.62351574149055
O14773	7.21916852046216	7.24982454861618	7.2336196767597	6.37330019660839	6.45779126025604	6.35931031689044
O14791	5.75755668893945	5.8073549220576	5.79960542245267	6.36806987653208	6.38370429247405	6.41447383643093
O14793	6.75221336786514	6.97498811199193	6.876516946565	7.07253459972295	6.93663793900257	6.7279204545632
O15031	7.18982455888002	7.10223819393074	7.13750352374993	6.44625622988956	6.48864353985378	6.42290574261218
O15204	6.59842476052772	6.30924896081662	6.34872815423108	6.97384083953315	6.98071082890019	6.85549144310187
O15240	7.00450139223494	7.02125762056052	6.98413359454098	6.50462039240355	6.52356195605701	6.49185309632967
O15354	7.27798474729977	7.28447711781042	7.26397335480341	6.37503943134692	6.43962313755712	6.41953889151378
O15537	7.14873077917319	7.08001802908917	7.06931549454008	6.4708621994137	6.51254295509686	6.50143914515887
O43423	6.58345891013077	6.5298209465287	6.57893871309339	6.10013667128545	6.14363830992204	6.0746766862945
O43490	7.81185631429254	7.5438051759644	8.11113567023471	5.94719858426206	5.34340782229781	5.57591736111815
O43493	7.21819994369474	7.21140163741847	7.18982455888002	6.62935662007961	6.63662462054365	6.62497817956904
O43505	7.04548665635946	7.02236781302845	7.01569380710515	6.51884982870769	6.53294028837287	6.53294028837287
O43707	6.51884982870769	6.59245703726808	6.46107011403305	6.06608919045777	6.02236781302845	5.98185265328974
O43866	5.49825086752783	5.55151601762801	5.49185309632967	6.28725064325462	6.36806987653208	6.32732808262995
O60888	6.99774402605963	6.95535930524299	6.93191939010004	6.73876783680019	6.69766263347052	6.6409679104499
O75071	6.8592241619782	6.68229237143083	7.02790599656988	6.56833618213375	6.83415498140132	6.90809234081827
O75093	6.90207357931074	6.93073733756289	6.92005505480697	6.63226821549951	6.7045953476324	6.64673869830785
O75326	6.86046625851717	6.85798099512757	6.85424505422013	6.74146698640115	6.75355105460065	6.73606362787181
O75368	6.52199295640167	6.32012359804061	6.50937914891469	6.98868468677217	6.9413411054853	7.05636676102453
O75493	7.04875931191986	7.03011533090807	6.98868468677217	6.46923479366766	6.22303633790187	6.25550073314839
O75636	5.63226821549951	6.02901108665907	5.7839804136838	6.35755200461808	6.34340782229781	6.47735352663456
O75711	7.39059890555246	7.32732808262995	7.3819754785573	6.16188768237689	6.18784690943957	6.03782146543497
O75752	6.84924870276441	6.98299357469431	6.97842446544086	6.69627208392586	6.63807383718072	6.69348695749933
O75787	7.24887634283713	7.25077213159993	7.27891401949994	6.29278174922785	6.33628338786443	6.22110372536788
O75829	6.86542397831313	6.82017896241519	6.78790255939143	6.50303064564116	6.33628338786443	6.35579154675365
O75874	6.6409679104499	6.54689445988764	6.61618123133188	6.83162393682075	6.80348537559595	6.8073549220576
O75882	6.80606622608903	6.82654848729092	6.81890167588564	6.47897180503294	6.4870360800319	6.4594316186373
O76061	6.8923910259134	6.84549005094437	6.86542397831313	6.53605290024021	6.5453506448223	6.54225804976692
O94856	7.02569327368077	6.95535930524299	6.95419631038687	6.48542682717024	6.42290574261218	6.49024921062709
O94985	6.60733031374961	6.62643913669732	6.63517394667492	6.85673675611911	6.87282875953489	6.86542397831313
O95390	7.21140163741847	7.0948694327187	7.11582397743624	6.55918586578773	6.58345891013077	6.5077946401987
O95428	7.25738784269265	7.15177765473205	7.18189764310839	6.65248649491816	6.6906964439777	6.57591736111815
O95445	6.13545278418517	6.0639343057541	6.12515513132229	6.37155886261196	6.44956137461324	6.4594316186373
O95633	6.86294724802092	6.94016675048282	6.8703647195834	6.85673675611911	6.50462039240355	6.60436789989375
O95897	7.02680005934372	6.98641093525204	7.01010845347429	6.56224242422107	6.63372181264101	6.56529252058102
O95967	7.21334728173344	7.17192735435346	7.2336196767597	6.56376827845203	6.64385618977472	6.69627208392586
P00338	7.26772305162742	7.18289089274548	7.24887634283713	6.61028665708102	6.68369645430652	6.64385618977472
P00441	6.656782364219	6.6409679104499	6.6906964439777	6.93310047493137	7.00898878322726	7.01792190799726
P00450	6.89360490485829	6.877744249949	6.90689059560852	6.47248777146274	6.50462039240355	6.4708621994137
P00488	6.39746072605472	6.31288295528436	6.32192809488736	6.6667565918848	6.6906964439777	6.66533591718518
P00491	6.26115467261557	6.55765515472542	6.45779126025604	7.16992500144231	6.59842476052772	7.06501215043695
P00558	6.85424505422013	6.83920378809694	6.82145511910246	6.77741971551583	6.76950729143624	6.83289001416474
P00734	6.28169825009883	6.30012372456901	6.30012372456901	6.55151601762801	6.59395128394841	6.61028665708102
P00738	7.74617838097141	7.74146698640115	7.66959375118833	5.21334728173344	5.20163386116965	4.86294724802092
P00739	5.8801957289431	5.90448409790142	5.73876783680019	6.53449743373817	6.60139939053183	6.73741636593706
P00740	6.43796008833447	6.44625622988956	6.38887833881199	6.53449743373817	6.5453506448223	6.57742882803575
P00742	6.38370429247405	6.46107011403305	6.4178525148859	6.57591736111815	6.55918586578773	6.37330019660839
P00747	6.4178525148859	6.4178525148859	6.42290574261218	6.467605550083	6.52356195605701	6.52356195605701
P00748	6.39746072605472	6.38543103719352	6.41616416473313	6.467605550083	6.55305325276641	6.56833618213375
P00915	4.05311133645956	4.13750352374993	4.43962313755712	7.75421943313514	7.73199778664374	7.82273014794452
P00918	5.15785216914174	5.18189764310839	5.19377174339668	7.61102479730735	7.62205181945638	7.7045953476324
P00995	6.4093909361377	6.42961596420174	6.34340782229781	7.22978016673333	7.31922050252387	7.24031432933371
P01008	6.4245862262511	6.39917109381982	6.4262647547021	6.56833618213375	6.63807383718072	6.63372181264101
P01009	6.52825874275841	6.53915881110803	6.5453506448223	6.59842476052772	6.61028665708102	6.60584986719498
P01011	7.21819994369474	7.23266075679027	7.14261765544658	6.29645740737124	6.29462074889163	6.20945336562895
P01019	6.71149490665009	6.66391384211598	6.69209237542757	6.52512925120397	6.54997714277182	6.53915881110803
P01023	6.64817779572482	6.63952159951083	6.65391987311942	6.4643415327611	6.50462039240355	6.48381577726426
P01024	6.36632221424582	6.35226417325832	6.37503943134692	6.4870360800319	6.54070926267143	6.54070926267143
P01031	6.08533966935737	6.04220656012069	6.02901108665907	6.4708621994137	6.53605290024021	6.5438051759644
P01033	7.37503943134692	7.37330019660839	7.34961297182452	6.32912359629157	6.33091687811462	6.21334728173344
P01034	7.09697863637054	7.10118781525974	7.09908476089186	6.42122329922514	6.41447383643093	6.35579154675365
P01042	6.29645740737124	6.30012372456901	6.32012359804061	6.46923479366766	6.50620838930675	6.50143914515887
P01344	6.93545974780529	6.84924870276441	6.84549005094437	6.64241277290506	6.92718535782637	6.74281466986289
P01591	5.39574832817903	5.46597446450407	5.51096191927738	6.62789861587175	6.69766263347052	6.68650052718322
P01593	6.26491169307446	6.30742852519225	6.29462074889163	6.98413359454098	6.97956810009519	6.96347412397489
P01602	6.63517394667492	6.55918586578773	6.59991284218713	6.70873904135958	6.7292808460274	6.69209237542757
P01619	6.46270675067016	6.61028665708102	6.52825874275841	6.79571500650173	6.89360490485829	6.83794324189103
P01700	6.34163000932991	6.32012359804061	6.32012359804061	6.5894638929561	6.63081315229913	6.5668151540109
P01701	6.61470984411521	6.52669484554198	6.57742882803575	6.60139939053183	6.65963918701565	6.66959375118833
P01703	6.68369645430652	6.41278152533848	6.35931031689044	6.61470984411521	6.52199295640167	6.65535182861255
P01705	6.28540221886225	6.3819754785573	6.30012372456901	6.23840473932508	6.35049724708413	6.19770815795585
P01706	6.4757334309664	6.40599235967584	6.44790974874208	6.14567745519564	6.18388345903223	6.16591193893569
P01714	6.64673869830785	6.56529252058102	6.64241277290506	6.39403389536778	6.38024459047818	6.43128865429159
P01742	6.17192735435346	6.19770815795585	6.20945336562895	6.47411151394241	6.53294028837287	6.53915881110803
P01766	6.4245862262511	6.36106648879432	6.29094040240368	6.77346892790519	6.63517394667492	6.70321146739115
P01780	6.52512925120397	6.50462039240355	6.52512925120397	6.48542682717024	6.54843662469604	6.53449743373817
P01782	6.62351574149055	6.65248649491816	6.6906964439777	6.40429006444484	6.467605550083	6.46923479366766
P01824	6.63517394667492	6.64961545906341	6.63372181264101	6.49984588708321	6.5668151540109	6.55765515472542
P01834	6.06177619758669	6.0703893278914	6.07681559705083	6.2364926183813	6.27798474729977	6.26491169307446
P01857	6.39403389536778	6.39574832817903	6.40769264866568	6.5077946401987	6.51727569320958	6.52825874275841
P01859	6.48058827023386	6.4757334309664	6.49185309632967	6.51096191927738	6.53760669149529	6.52669484554198
P01860	6.93191939010004	6.87405920314115	6.87528859822269	6.34872815423108	6.38887833881199	6.33806779754262
P01871	4.88752527074159	4.82273014794452	4.83289001416474	6.03121873061072	6.1333991254172	6.15987133677839
P02008	6.97956810009519	6.88386515450979	6.8703647195834	6.06608919045777	6.25550073314839	6.40258575823259
P02042	4.82781902461732	4.8972404255748	5.01346225980656	7.75755668893945	7.73267622307331	7.82145511910246
P02452	5.71699089440494	5.53605290024021	5.64961545906341	7.13134253912326	7.17692111164436	7.16390121381454
P02458	7.00674683244058	6.9692426044345	7.00337736020232	6.72383156649532	6.72655877910497	6.73606362787181
P02461	6.03562390973072	5.71424551766612	5.65248649491816	6.97956810009519	6.98299357469431	7.04766925139131
P02549	5.73606362787181	5.75488750216347	5.64673869830785	7.52120781622399	7.5337190711399	7.5909612413426
P02647	6.37330019660839	6.39059890555246	6.38887833881199	6.61911951145322	6.63226821549951	6.63517394667492
P02649	6.79960542245267	6.80219321694183	6.7839804136838	6.456149034648	6.47248777146274	6.43962313755712
P02654	5.70873904135958	5.70597790168252	5.75755668893945	6.64817779572482	6.74685018309805	6.78135971352466
P02671	4.76022094646651	4.78135971352466	4.85299758761332	6.39231742277876	6.48864353985378	6.5438051759644
P02675	4.71699089440494	4.74953426766926	4.74953426766926	6.41278152533848	6.467605550083	6.51884982870769
P02679	4.57288966842058	4.64385618977472	4.62058641045188	6.39059890555246	6.48220292629596	6.51254295509686
P02730	5.77610398807316	5.86294724802092	5.85299758761332	7.54843662469604	7.50303064564116	7.57516103342539
P02743	5.86789646399265	5.97956810009519	5.83794324189103	6.82527683005487	6.81378119121704	6.82527683005487
P02745	7.17692111164436	7.10643207781693	7.09803208296053	6.36981542428391	6.41278152533848	6.46597446450407
P02746	7.03232128705788	7.01122725542325	7	6.36282052553426	6.4245862262511	6.38715571766298
P02747	7.00898878322726	7.00450139223494	7.01680828768655	6.45450493755737	6.47248777146274	6.44294349584873
P02748	6.38543103719352	6.38370429247405	6.39746072605472	6.68790052248075	6.73199778664374	6.72246602447109
P02749	6.33449676839042	6.32012359804061	6.37851162325373	6.52669484554198	6.56833618213375	6.58345891013077
P02750	6.35049724708413	6.34872815423108	6.39403389536778	6.467605550083	6.53449743373817	6.51412226017071
P02751	6.34518344718767	6.35402893805439	6.32373033752135	6.34518344718767	6.40258575823259	6.38887833881199
P02753	6.25361115194717	6.26303440583379	6.27052894238072	6.70043971814109	6.75355105460065	6.76022094646651
P02760	6.13545278418517	6.12308675098106	6.13750352374993	6.78790255939143	6.85798099512757	6.87897051015108
P02763	6.59544398458948	6.5713734359732	6.61911951145322	6.45450493755737	6.49505552836802	6.49505552836802
P02765	6.59544398458948	6.59991284218713	6.63662462054365	6.37851162325373	6.42290574261218	6.4110872267986
P02766	7.36106648879432	7.32463061526719	7.36894291440495	6.16992500144231	6.19967234483636	6.10643207781693
P02774	6.4966540825935	6.49505552836802	6.50937914891469	6.45450493755737	6.48381577726426	6.46923479366766
P02787	6.80992886572143	6.83035674741922	6.81634370528486	6.55765515472542	6.55151601762801	6.51412226017071
P02790	6.92362461136832	6.91767043436176	6.91528186586766	6.24982454861618	6.29094040240368	6.20750245925879
P02792	6.02458563827827	6.09803208296053	6.12308675098106	6.97956810009519	7.07360604057494	7.11478344724985
P03950	6.40429006444484	6.29278174922785	6.49825086752783	6.8923910259134	6.83289001416474	6.84549005094437
P03951	6.24222139509837	6.22303633790187	6.28909670241999	6.63081315229913	6.69209237542757	6.7292808460274
P04003	5.08321336824898	5.12101540096137	5.16992500144231	6.16390121381454	6.23840473932508	6.29645740737124
P04004	6.49984588708321	6.52356195605701	6.51412226017071	6.49825086752783	6.51569983828404	6.50937914891469
P04040	5.29278174922785	5.25550073314839	5.31469652565629	7.52591226074335	7.55535603863583	7.58270652678079
P04066	7.17791779219584	7.17592374206376	7.24222139509837	6.65963918701565	6.52042224852645	6.53138146051631
P04080	7.07360604057494	6.92005505480697	6.762880292917	6.96578428466209	6.79311555527435	6.94485844580754
P04114	5.09169983413681	5.12101540096137	5.09169983413681	6.15987133677839	6.25927248703759	6.26303440583379
P04156	7.11374216604919	7.31197531446116	7.12928301694497	6.8923910259134	6.84046323386954	6.60880924267552
P04180	6.32912359629157	6.26303440583379	6.28909670241999	6.40599235967584	6.56376827845203	6.53294028837287
P04196	6.44790974874208	6.4262647547021	6.43295940727611	6.58496250072116	6.62497817956904	6.62058641045188
P04217	6.52042224852645	6.52042224852645	6.52356195605701	6.50937914891469	6.56376827845203	6.53294028837287
P04264	7.48139582415413	7.39917109381982	7.45121111183233	6.3019533951261	6.26303440583379	6.12928301694497
P04275	5.32912359629157	5.4093909361377	5.22496636500027	6.39231742277876	6.52356195605701	6.51569983828404
P04278	6.79181407116183	6.79311555527435	6.89481776330794	6.57591736111815	6.60139939053183	6.70182625841205
P04406	6.59991284218713	6.59842476052772	6.60288440871842	6.77741971551583	6.80348537559595	6.80992886572143
P05060	7.18883607303053	7.18883607303053	7.2364926183813	6.37851162325373	6.46923479366766	6.38024459047818
P05067	7.09697863637054	7.05853297020161	7.09803208296053	6.28909670241999	6.33806779754262	6.30924896081662
P05154	6.80477637795583	6.91288933622996	6.84297883178833	6.45285896471381	6.467605550083	6.4446008137115
P05160	6.03121873061072	6.06608919045777	5.93310047493137	6.5668151540109	6.54843662469604	6.45779126025604
P05362	6.92718535782637	6.87159726561385	6.91528186586766	6.59842476052772	6.46923479366766	6.40599235967584
P05408	7.37937836707126	7.36282052553426	7.35931031689044	6.27612440527424	6.26491169307446	6.12308675098106
P05451	6.64817779572482	6.49345520092618	6.43629511983936	6.94719858426206	7.03562390973072	7.0746766862945
P05452	6.94953493301701	6.89845023280787	6.91049283228871	6.65391987311942	6.77873424411784	6.78790255939143
P05543	6.50303064564116	6.45285896471381	6.46107011403305	6.53915881110803	6.59842476052772	6.60733031374961
P05546	6.42122329922514	6.39231742277876	6.41278152533848	6.49345520092618	6.57440430902258	6.60288440871842
P06276	6.33628338786443	6.19770815795585	6.25738784269265	6.52512925120397	6.62497817956904	6.61765111942733
P06280	6.65535182861255	6.35579154675365	6.43629511983936	6.34340782229781	6.40087943628218	6.67666233485797
P06312	6.54689445988764	6.52356195605701	6.51569983828404	6.25550073314839	6.31650781910311	6.31650781910311
P06396	7.00898878322726	6.96000193206808	6.94016675048282	6.4966540825935	6.53915881110803	6.4966540825935
P06681	6.47735352663456	7.05636676102453	6.47248777146274	6.70873904135958	6.54070926267143	6.5894638929561
P06703	4.90689059560852	4.95419631038687	5.14567745519564	7.54997714277182	7.51884982870769	7.5022351148568
P06727	6.00898878322726	5.99322146736894	6.02236781302845	6.68088692071969	6.73470962022584	6.73470962022584
P06733	6.75755668893945	6.72246602447109	6.76420813013995	6.52512925120397	6.55612281784117	6.55612281784117
P07148	6.2460279805281	6.76022094646651	6.56376827845203	6.86913111964429	7.18388345903223	6.91049283228871
P07195	6.51254295509686	6.39746072605472	6.58646452588639	7.19081236791614	7.20554891117303	7.13545278418517
P07225	6.89117612475454	6.83668159332712	6.87405920314115	6.40258575823259	6.43462822763672	6.39231742277876
P07237	7.15583017155653	7.12928301694497	7.20163386116965	6.36632221424582	6.26865895502767	6.35931031689044
P07339	7.65749710044411	7.6387978999517	7.63008507000212	6.07253459972295	6.07253459972295	5.92599941855622
P07357	6.45285896471381	6.42290574261218	6.4594316186373	6.52356195605701	6.57893871309339	6.57893871309339
P07358	6.52512925120397	6.55305325276641	6.53449743373817	6.50462039240355	6.53138146051631	6.51096191927738
P07360	6.30742852519225	6.31469652565629	6.34695688937888	6.53138146051631	6.53138146051631	6.53138146051631
P07686	7.20652601587743	7.16791986555194	7.19179950106508	6.42290574261218	6.45779126025604	6.4178525148859
P07711	6.76950729143624	6.85299758761332	6.78659636189081	6.41616416473313	6.51412226017071	6.49505552836802
P07737	6.89965902637744	6.99887245399427	7.02569327368077	6.60139939053183	6.58195375084882	6.58195375084882
P07738	4.80219321694183	4.95884267524324	4.93545974780529	7.6724253419715	7.72314895704758	7.7839804136838
P07858	7.34872815423108	7.35402893805439	7.34251918966061	6.33985000288462	6.35931031689044	6.27426166125705
P07900	6.85049941375812	6.92005505480697	6.92955431573285	6.5453506448223	6.74146698640115	6.64241277290506
P07998	7.32732808262995	7.28909670241999	7.26209484537018	6.39231742277876	6.45121111183233	6.37851162325373
P08100	6.36806987653208	6.6906964439777	6.25361115194717	6.45121111183233	6.48381577726426	5.43962313755712
P08123	6.43962313755712	6.37155886261196	6.42290574261218	6.87897051015108	6.90448409790142	6.90207357931074
P08138	7.30103884990315	7.27612440527424	7.08958289312471	6.49185309632967	6.59544398458948	6.52512925120397
P08185	6.55458885167764	6.5298209465287	6.57893871309339	6.53294028837287	6.59693514238723	6.55765515472542
P08253	7.11790278909403	7.0703893278914	7.08214904135387	6.46107011403305	6.44128427192704	6.34163000932991
P08294	7.15380533607904	7.11374216604919	7.10852445677817	6.35402893805439	6.40599235967584	6.34518344718767
P08493	6.68369645430652	6.64529816394863	7.05636676102453	6.84924870276441	6.82145511910246	6.74953426766926
P08571	7.10433665981474	7.0746766862945	7.03562390973072	6.37503943134692	6.44294349584873	6.39917109381982
P08572	6.48058827023386	6.57440430902258	6.39059890555246	6.90689059560852	6.75355105460065	6.79960542245267
P08581	7.3037807481771	7.1405741777099	7.14567745519564	6.67948009950545	6.49185309632967	6.3110671022556
P08603	6.1106138055009	6.12928301694497	6.12101540096137	6.57288966842058	6.62935662007961	6.61765111942733
P08670	6.61176256006487	6.56071495447448	6.57591736111815	6.03562390973072	6.09381367340273	6.03782146543497
P08697	6.60436789989375	6.57288966842058	6.59842476052772	6.55305325276641	6.62058641045188	6.60880924267552
P09104	7.61470984411521	7.52591226074335	7.57213175138666	6.20359271420771	6.17990909001493	6.08958289312471
P09211	6.91886323727459	7.0639343057541	6.86666075081999	6.84924870276441	6.56833618213375	6.74685018309805
P09382	6.24031432933371	6.34518344718767	6.24412594328373	6.09803208296053	6.15380533607904	6.10852445677817
P09486	6.36806987653208	6.3037807481771	6.32912359629157	6.77346892790519	6.86294724802092	6.80992886572143
P09668	6.84423498775875	6.7839804136838	6.81121411751324	6.18784690943957	6.38543103719352	6.26865895502767
P09871	7.27426166125705	7.21334728173344	7.22689381357139	6.39746072605472	6.4178525148859	6.34518344718767
P09972	7.18784690943957	7.09803208296053	7.16188768237689	6.40769264866568	6.39231742277876	6.39231742277876
P0C0L4	6.96347412397489	6.92955431573285	6.93545974780529	6.36282052553426	6.40258575823259	6.34872815423108
P0C0L5	6.88996019965864	6.84924870276441	6.89481776330794	6.36632221424582	6.38543103719352	6.36282052553426
P0C6S8	7.00337736020232	6.7279204545632	6.79311555527435	6.5077946401987	6.54843662469604	6.80864246791806
P0DOY2	6.38024459047818	6.44625622988956	6.39231742277876	6.53760669149529	6.49505552836802	6.48864353985378
P0DP09	6.64529816394863	6.51412226017071	6.84046323386954	7.32192809488736	7.27519333390221	7.39489136644259
P10253	7.17392693199981	7.17990909001493	7.17292748960384	6.36632221424582	6.3819754785573	6.38543103719352
P10451	7.31741261376487	7.3327079336406	7.28909670241999	6.20945336562895	6.20359271420771	6.12722055048807
P10523	7.67877617412388	7.70113315484797	7.68999797141945	5.94485844580754	5.90207357931074	5.62058641045188
P10599	6.45121111183233	6.31650781910311	6.36106648879432	7.07253459972295	6.91647664443772	7.13237119873254
P10643	6.56529252058102	6.50620838930675	6.53915881110803	6.53294028837287	6.5894638929561	6.57893871309339
P10645	6.99548451887751	7.01010845347429	7.0703893278914	6.46597446450407	6.51569983828404	6.44294349584873
P10745	7.4446008137115	7.42374622911477	7.43379405875492	6.35931031689044	6.35049724708413	6.26303440583379
P10909	7.2278565730605	7.22978016673333	7.20847824221171	6.37330019660839	6.37330019660839	6.28540221886225
P11021	7.05093696522523	6.93781516880342	7.02901108665907	6.30560578958543	6.38887833881199	6.3037807481771
P11047	6.78528898070402	6.7279204545632	6.88508622529017	6.88264304936184	6.89117612475454	6.81249822533356
P11142	6.84172158112846	6.77478705960117	6.79441586635011	6.76686014382955	6.78790255939143	6.78528898070402
P11279	6.98641093525204	6.92481250360578	6.82908844400489	6.77214959078454	6.64241277290506	6.32732808262995
P11362	7.02236781302845	6.89360490485829	6.85299758761332	6.84549005094437	6.8814199080924	6.63807383718072
P11684	5.99774402605963	6.19179950106508	6.16591193893569	7.39660478118186	7.40087943628218	7.29186136958522
P12109	6.90086680798075	6.90689059560852	6.8972404255748	6.50462039240355	6.49505552836802	6.49825086752783
P12110	6.51096191927738	6.37330019660839	6.58496250072116	6.85174904141606	6.94485844580754	6.82527683005487
P12111	6.24222139509837	6.02458563827827	6.17791779219584	6.96000193206808	7.01792190799726	6.98413359454098
P12277	7.30286736097287	7.29001884693262	7.12412131182919	6.49024921062709	6.27239650903748	6.18586654531133
P13473	6.8972404255748	6.93073733756289	6.94251450533924	6.54843662469604	6.70182625841205	6.64385618977472
P13489	6.43796008833447	6.53449743373817	6.50143914515887	6.98527271425345	7.00112666545428	7.03672310600552
P13521	6.92955431573285	6.97956810009519	6.92599941855622	6.70597790168252	6.67383905599044	6.70182625841205
P13598	6.77610398807316	6.75888943272096	6.75755668893945	6.5668151540109	6.66817586897014	6.89845023280787
P13611	6.38887833881199	6.37503943134692	6.39917109381982	6.64961545906341	6.70182625841205	6.67383905599044
P13640	6.98299357469431	6.876516946565	7.12722055048807	6.40087943628218	6.56833618213375	6.51412226017071
P13645	7.29186136958522	7.30560578958543	7.25455625190949	6.39917109381982	6.43962313755712	6.3327079336406
P13671	6.3037807481771	6.26303440583379	6.29829173062012	6.46107011403305	6.51727569320958	6.51254295509686
P13716	5.10852445677817	4.97269265400426	5.32192809488736	7.22593041117105	7.14465824283188	7.3037807481771
P13796	6.78528898070402	6.67101024127845	6.65821148275179	6.71973105674985	6.67948009950545	6.6724253419715
P14151	6.60584986719498	6.67807190511264	6.62205181945638	6.76155123244448	6.70182625841205	6.56071495447448
P14174	6.88996019965864	6.90327934205614	6.95419631038687	6.63662462054365	6.69209237542757	6.74550626586916
P14543	6.48542682717024	6.57440430902258	6.43962313755712	6.77478705960117	6.70735913208088	6.79571500650173
P14618	7.16591193893569	7.17192735435346	7.15279185163912	6.32012359804061	6.33806779754262	6.27426166125705
P14625	7.22110372536788	7.28540221886225	7.19081236791614	6.456149034648	6.43962313755712	6.39746072605472
P15169	5.79181407116183	5.83794324189103	5.88752527074159	6.60733031374961	6.63226821549951	6.61176256006487
P15291	6.9898202201176	6.82781902461732	6.70182625841205	6.29278174922785	6.41278152533848	6.53915881110803
P15848	6.79571500650173	6.77873424411784	6.77082904603249	6.52512925120397	6.69348695749933	6.53915881110803
P16035	6.97154355395077	6.95884267524324	6.88996019965864	6.69905184401685	6.71836162613835	6.68088692071969
P16070	6.60288440871842	6.60288440871842	6.63517394667492	6.39574832817903	6.38370429247405	6.22881869049588
P16157	6.26303440583379	6.47248777146274	6.15177765473205	7.35755200461808	7.52042224852645	7.50143914515887
P16402	6.75355105460065	6.50620838930675	6.76553474636298	6.83162393682075	6.94016675048282	6.56833618213375
P16452	6.55151601762801	6.60436789989375	6.37851162325373	7.35843142862635	7.22689381357139	7.10223819393074
P16499	8.01457846492289	7.97326686099329	7.92837032301897	5.48864353985378	5.48542682717024	5.42961596420174
P16519	6.77082904603249	6.79051141189419	6.65391987311942	6.5453506448223	6.51412226017071	6.45779126025604
P16870	6.99095486039699	6.99887245399427	6.94836723158468	6.64241277290506	6.66106547980695	6.62935662007961
P17050	6.86666075081999	6.81121411751324	6.79181407116183	6.81890167588564	6.85299758761332	6.79441586635011
P17174	6.81378119121704	7.01903466936434	7.14771372235215	6.65248649491816	6.84423498775875	6.8073549220576
P17405	6.92955431573285	6.95768248616512	7.01903466936434	6.47735352663456	6.45121111183233	6.56071495447448
P17643	6.75221336786514	6.8801957289431	6.71287086768991	6.79701297783614	6.76553474636298	6.76420813013995
P17900	6.99774402605963	6.98185265328974	6.94719858426206	6.56376827845203	6.60584986719498	6.60288440871842
P17936	6.75888943272096	6.67666233485797	6.77478705960117	6.61765111942733	6.61618123133188	6.5713734359732
P18065	6.69348695749933	6.656782364219	6.66391384211598	6.41616416473313	6.50462039240355	6.49345520092618
P18428	6.52199295640167	6.36981542428391	6.53138146051631	6.61028665708102	6.70735913208088	6.59842476052772
P18669	7.41616416473313	7.36282052553426	7.19869058566892	6.50462039240355	6.66106547980695	6.6409679104499
P19021	7.07681559705083	7.01680828768655	7.0574502721839	6.5453506448223	6.53449743373817	6.50303064564116
P19022	7.09803208296053	7.09908476089186	7.11582397743624	6.61765111942733	6.61028665708102	6.5713734359732
P19320	6.74146698640115	6.76686014382955	6.56833618213375	6.38543103719352	6.47897180503294	6.57742882803575
P19652	6.68929916053589	6.67525138605026	6.72655877910497	6.79051141189419	6.82908844400489	6.82654848729092
P19823	6.13545278418517	6.07681559705083	6.12308675098106	6.6409679104499	6.67525138605026	6.67948009950545
P19827	5.74953426766926	5.73876783680019	5.77346892790519	6.90207357931074	6.86666075081999	7.26865895502767
P19971	5.71699089440494	6.02458563827827	5.94485844580754	6.7983097824546	7.02458563827827	6.82781902461732
P20062	6.69348695749933	6.52825874275841	6.67948009950545	6.57288966842058	6.77741971551583	6.62497817956904
P20396	7.76022094646651	7.73470962022584	7.83099048124926	5.83289001416474	5.79701297783614	5.77610398807316
P20472	6.98299357469431	7.14873077917319	6.93073733756289	6.80348537559595	6.55151601762801	6.86046625851717
P20849	7.1168637576909	7.15279185163912	7.16591193893569	6.45285896471381	6.49984588708321	6.5077946401987
P20933	7.14465824283188	7.19278595925112	7.18090370917938	6.41278152533848	6.52356195605701	6.39231742277876
P21246	6.48542682717024	6.4757334309664	6.48542682717024	6.7292808460274	6.79701297783614	6.74550626586916
P21333	6.33628338786443	6.5453506448223	6.43128865429159	6.59693514238723	6.55612281784117	6.4245862262511
P21810	5.47248777146274	5.3819754785573	5.71149490665009	6.23074100262691	6.3037807481771	6.39574832817903
P22304	6.68088692071969	6.64961545906341	6.74953426766926	6.8972404255748	6.94602898951548	6.80864246791806
P22352	6.99887245399427	7.00786824333334	6.9898202201176	6.57591736111815	6.56224242422107	6.52512925120397
P22692	6.77478705960117	6.78659636189081	6.74416109557041	6.78135971352466	6.82145511910246	6.85049941375812
P22792	6.32012359804061	6.28909670241999	6.32373033752135	6.52512925120397	6.54225804976692	6.61911951145322
P22891	6.36282052553426	6.20163386116965	6.4594316186373	6.09169983413681	6.34518344718767	6.34518344718767
P22914	7.41700858678878	7.37851162325373	7.39231742277876	6.2460279805281	6.27984269352035	6.18388345903223
P23142	7.04766925139131	7.07360604057494	7.03342300153745	6.4594316186373	6.41616416473313	6.39059890555246
P23284	6.91886323727459	6.92837032301897	6.97613447283165	6.40087943628218	6.52512925120397	6.4446008137115
P23468	6.79571500650173	6.74550626586916	6.87159726561385	6.4870360800319	6.47411151394241	6.5298209465287
P23470	6.87282875953489	6.94016675048282	6.95070169008901	6.87897051015108	6.82145511910246	6.75755668893945
P23471	7.04548665635946	7.01010845347429	7.01903466936434	6.27984269352035	6.32012359804061	6.3019533951261
P23515	6.61618123133188	6.60733031374961	6.54843662469604	6.8073549220576	6.85798099512757	6.82527683005487
P23526	6.467605550083	6.67807190511264	6.46270675067016	7.12722055048807	7.10747864662662	7.20261362014849
P24592	7.23457795978457	7.19574129324645	7.19967234483636	6.47411151394241	6.47897180503294	6.42961596420174
P24593	6.39574832817903	6.48542682717024	6.44625622988956	6.85673675611911	6.91288933622996	6.88508622529017
P24666	6.16992500144231	6.70735913208088	6.61470984411521	6.8972404255748	6.992088609014	7.17891378466957
P24821	7.10223819393074	7.07574653806091	7.09803208296053	6.3327079336406	6.35226417325832	6.32553033156756
P25311	6.49825086752783	6.48381577726426	6.4757334309664	6.39917109381982	6.42961596420174	6.41278152533848
P25774	6.7045953476324	6.68650052718322	6.77741971551583	6.25738784269265	6.36457243229586	6.25361115194717
P25789	6.456149034648	6.60139939053183	6.57893871309339	7.11582397743624	7.11894107272351	7.0639343057541
P26022	7.25077213159993	7.28262513419167	7.23935985027747	6.54843662469604	6.51254295509686	6.35931031689044
P26038	6.74685018309805	6.72655877910497	6.74011804283313	6.49825086752783	6.53138146051631	6.55305325276641
P26447	6.04875931191986	6.18388345903223	6.12722055048807	7.41278152533848	7.38111029409905	7.38111029409905
P26572	6.80348537559595	6.75622271284729	6.86170728658586	6.467605550083	6.49505552836802	6.31831684133498
P26641	6.75622271284729	6.74416109557041	6.68509917200661	6.88386515450979	6.78135971352466	6.85549144310187
P27169	6.46597446450407	6.43128865429159	6.4446008137115	6.50303064564116	6.56071495447448	6.55765515472542
P27797	7.19475685442225	7.17791779219584	7.17192735435346	6.25171909260596	6.26115467261557	6.18784690943957
P27918	6.47735352663456	6.27612440527424	6.48542682717024	6.4446008137115	6.73470962022584	6.61176256006487
P29279	6.63081315229913	6.53915881110803	6.60436789989375	6.38715571766298	6.48864353985378	6.49024921062709
P29401	6.7983097824546	6.87282875953489	6.70182625841205	6.55918586578773	6.57440430902258	6.40258575823259
P29622	6.64241277290506	6.6409679104499	6.656782364219	6.64817779572482	6.69488019279919	6.66533591718518
P30041	6.17990909001493	6.4594316186373	6.3327079336406	7.1333991254172	7.19574129324645	7.2278565730605
P30043	5.33985000288462	5.24792751344359	5.39231742277876	7.51648798090997	7.54843662469604	7.57667329251657
P30086	7.07895134139482	7.09803208296053	6.98413359454098	6.65535182861255	6.62643913669732	6.63517394667492
P30101	6.93310047493137	6.96578428466209	6.90327934205614	6.59693514238723	6.81378119121704	6.54689445988764
P31146	7.13442632022093	7.00898878322726	6.90086680798075	6.7045953476324	6.55612281784117	6.7045953476324
P31150	7.28725064325462	7.13134253912326	7.22881869049588	6.43629511983936	6.45779126025604	6.22496636500027
P31946	7.00112666545428	6.93310047493137	6.75488750216347	6.88996019965864	6.84423498775875	6.89602960297675
P31949	6.94368695159709	6.92837032301897	6.84924870276441	6.41616416473313	6.6724253419715	6.49825086752783
P32004	6.64673869830785	6.0639343057541	7.3037807481771	6.83920378809694	7.21529030565123	6.0703893278914
P32119	4.37155886261196	4.51727569320958	4.64961545906341	7.76221591572778	7.78070379396761	7.84235034341381
P33908	6.92481250360578	6.89481776330794	6.94251450533924	6.50462039240355	6.55918586578773	6.50462039240355
P34096	6.50462039240355	6.49505552836802	6.45121111183233	6.74550626586916	6.80477637795583	6.92005505480697
P35443	6.98641093525204	6.96116025813664	6.97269265400426	6.58796498888268	6.65535182861255	6.43128865429159
P35527	7.34872815423108	7.36806987653208	7.32732808262995	6.3819754785573	6.23457795978457	6.16992500144231
P35555	6.93191939010004	6.92362461136832	6.94251450533924	6.63372181264101	6.65105169117893	6.62058641045188
P35613	6.97154355395077	7.08852325661663	7.04111153536915	6.5668151540109	6.49024921062709	6.38715571766298
P35858	6.84549005094437	6.74281466986289	6.80219321694183	6.59991284218713	6.60288440871842	6.56833618213375
P35908	7.64673869830785	7.60362634498619	7.50541460934675	6.23840473932508	6.20750245925879	6.34518344718767
P36222	7.57364718749332	7.53760669149529	7.5453506448223	6.02236781302845	6.03342300153745	5.91886323727459
P36955	7.16188768237689	7.17592374206376	7.12412131182919	6.52825874275841	6.52042224852645	6.50937914891469
P36980	6.49345520092618	6.43128865429159	6.51884982870769	6.51254295509686	6.58195375084882	6.59544398458948
P39060	6.83668159332712	7.05636676102453	6.8008998999203	6.71561885907482	6.68650052718322	6.6906964439777
P40121	6.93899143877554	6.54997714277182	6.83415498140132	6.85174904141606	6.65105169117893	6.60288440871842
P40189	7.12412131182919	7.08001802908917	7.14159627838382	6.43462822763672	6.4870360800319	6.39574832817903
P40925	6.77346892790519	6.80606622608903	6.80219321694183	6.84674402324487	6.8814199080924	6.85798099512757
P41222	7.17692111164436	7.20065343636747	7.20163386116965	6.46923479366766	6.47735352663456	6.37677657188298
P42785	7.02014657311178	6.97613447283165	7.01457846492289	6.86170728658586	6.68509917200661	6.74416109557041
P43251	6.84549005094437	6.79701297783614	6.78790255939143	6.68229237143083	6.69488019279919	6.6667565918848
P43652	6.65391987311942	6.6724253419715	6.67101024127845	6.467605550083	6.4870360800319	6.45121111183233
P47972	6.80348537559595	6.70735913208088	6.76155123244448	6.47897180503294	6.55151601762801	6.5077946401987
P48058	6.96116025813664	7.05311133645956	6.992088609014	6.75355105460065	6.65391987311942	6.58496250072116
P48723	6.92955431573285	6.89845023280787	6.91169158187234	6.64385618977472	6.66817586897014	6.65391987311942
P49257	6.97842446544086	7.17891378466957	7.04439411935845	6.55151601762801	6.46270675067016	6.38543103719352
P49747	6.88264304936184	6.94602898951548	7.10643207781693	6.77214959078454	7.04330075436418	6.65963918701565
P49908	6.75755668893945	6.69766263347052	6.76022094646651	6.63226821549951	6.70182625841205	6.63517394667492
P50135	7.02347715183043	6.94719858426206	7.00562454919388	6.71973105674985	6.74953426766926	6.59842476052772
P50395	6.52512925120397	6.64241277290506	6.62643913669732	7.04330075436418	6.96000193206808	6.96578428466209
P50895	7.11478344724985	7.00674683244058	7.1106138055009	6.57591736111815	6.79311555527435	6.5894638929561
P51693	6.69766263347052	6.69488019279919	6.70735913208088	6.58646452588639	6.59395128394841	6.59395128394841
P51884	6.63372181264101	6.63226821549951	6.68088692071969	6.76420813013995	6.80864246791806	6.82145511910246
P51888	7.01680828768655	7.02125762056052	6.95303237725324	6.62497817956904	6.60733031374961	6.55151601762801
P52209	6.16992500144231	6.08533966935737	6.08108392868763	6.61470984411521	6.69905184401685	6.72109918870718
P52799	7.39403389536778	7.15380533607904	7.1548181090521	6.40087943628218	6.77741971551583	6.4966540825935
P52823	6.71149490665009	6.83415498140132	6.53760669149529	6.81121411751324	6.44625622988956	7.00674683244058
P54802	7.10223819393074	7.27332938656167	7.15987133677839	6.46270675067016	6.51727569320958	6.5713734359732
P55001	7.02569327368077	7.0389189892923	7.06501215043695	6.40769264866568	6.63372181264101	6.59395128394841
P55058	7.42877889133759	7.38284014447524	7.39660478118186	6.25738784269265	6.26865895502767	6.16591193893569
P55072	6.08321336824898	5.73876783680019	5.99322146736894	7.48944659862258	7.51963625284321	7.57288966842058
P55268	6.78790255939143	6.97039353791468	6.6906964439777	6.83162393682075	6.4262647547021	6.61911951145322
P55283	7.08427691053149	6.97384083953315	6.85174904141606	6.12308675098106	6.37330019660839	6.26115467261557
P55290	7.19574129324645	6.72109918870718	7.19179950106508	6.56985560833095	6.70873904135958	6.97956810009519
P59665	5.98868468677217	5.94251450533924	5.93310047493137	6.57893871309339	6.71011763204345	6.71287086768991
P60174	6.68929916053589	6.79960542245267	6.8008998999203	6.86046625851717	6.8814199080924	6.91049283228871
P60709	6.89845023280787	6.876516946565	6.86294724802092	6.5453506448223	6.5894638929561	6.52669484554198
P61106	6.92599941855622	6.57591736111815	6.96809075204526	6.72519581722666	6.9413411054853	6.77873424411784
P61204	6.70043971814109	6.71149490665009	6.73876783680019	6.92124588858559	7.07574653806091	6.93663793900257
P61278	7.38024459047818	7.27146302790437	7.38456792317383	6.55918586578773	6.65963918701565	6.27052894238072
P61626	6.56833618213375	6.56529252058102	6.54997714277182	7.0703893278914	7.08214904135387	7.0746766862945
P61769	7.18685706717715	7.16289479937478	7.19081236791614	6.62351574149055	6.63807383718072	6.63517394667492
P61812	6.70735913208088	6.73876783680019	6.66817586897014	6.77741971551583	6.80477637795583	6.79960542245267
P61981	7.02680005934372	6.93073733756289	6.99887245399427	6.50937914891469	6.5298209465287	6.58796498888268
P62258	6.61323695471633	6.7045953476324	6.74011804283313	6.8814199080924	6.90809234081827	6.87528859822269
P62328	6.90448409790142	6.81378119121704	6.93073733756289	6.66249036391378	6.7292808460274	6.71011763204345
P62736	6.64961545906341	6.65105169117893	6.61323695471633	6.54843662469604	6.63226821549951	6.49505552836802
P62805	6.876516946565	6.83289001416474	6.92955431573285	6.49024921062709	6.4870360800319	6.57893871309339
P62820	6.71287086768991	6.65391987311942	6.60436789989375	6.89117612475454	6.78267065867701	6.86170728658586
P62873	7.79246495997994	7.75421943313514	7.78135971352466	5.80992886572143	5.88996019965864	5.60584986719498
P62937	6.41447383643093	6.38543103719352	6.39403389536778	7.10118781525974	7.13955135239879	7.15380533607904
P62979	6.89481776330794	6.97384083953315	6.89965902637744	6.96693797927846	6.93310047493137	6.91049283228871
P63104	6.95768248616512	6.88630626345243	6.86666075081999	6.69627208392586	6.75755668893945	6.70182625841205
P63211	7.68929916053589	7.57364718749332	7.68860001099912	6.02901108665907	5.7839804136838	5.54225804976692
P68104	6.78135971352466	6.79441586635011	6.66249036391378	6.37503943134692	6.49185309632967	6.38024459047818
P68363	7.38370429247405	7.34695688937888	7.32732808262995	5.73876783680019	5.83794324189103	5.70597790168252
P68871	4.88264304936184	4.97269265400426	5.0574502721839	7.75822321472672	7.72996056101802	7.77544567410286
P69891	4.97727992349992	4.97727992349992	5.0703893278914	7.03011533090807	7.08852325661663	7.12412131182919
P69905	4.69488019279919	4.81762325751143	4.91647664443772	7.78724960846791	7.72109918870718	7.80283944093511
P78417	6.12515513132229	6.10433665981474	6.19967234483636	7.04766925139131	7.08427691053149	7.21529030565123
P80108	6.50462039240355	6.55458885167764	6.52669484554198	6.61470984411521	6.67666233485797	6.54689445988764
P98095	6.84924870276441	6.80348537559595	6.92124588858559	6.60288440871842	6.4870360800319	6.63226821549951
P98160	6.51254295509686	6.53294028837287	6.51412226017071	6.71011763204345	6.67666233485797	6.64817779572482
P98164	7.14465824283188	7.11997860965488	7.09803208296053	6.4245862262511	6.42961596420174	6.32012359804061
P99999	7.07681559705083	6.95070169008901	7.08533966935737	6.74819284958946	6.58496250072116	6.76155123244448
Q01459	6.68790052248075	6.75888943272096	6.52199295640167	6.40258575823259	6.35755200461808	6.37677657188298
Q01469	6.73876783680019	6.2364926183813	6.61618123133188	7.03562390973072	6.97269265400426	6.93781516880342
Q01518	6.62205181945638	6.67101024127845	6.73876783680019	6.49825086752783	6.62643913669732	6.64529816394863
Q01995	5.90207357931074	6.16791986555194	6.15785216914174	6.76155123244448	6.56224242422107	6.3110671022556
Q02487	7.0703893278914	7.00450139223494	7.12101540096137	6.65821148275179	6.65248649491816	6.71011763204345
Q02747	6.14363830992204	6.16591193893569	6.10433665981474	6.60733031374961	6.77610398807316	6.7983097824546
Q02809	7.17092652528738	7.16591193893569	7.10956950937069	6.67525138605026	6.72246602447109	6.60584986719498
Q02818	7.11270013274936	7.0639343057541	7.05636676102453	6.59842476052772	6.56529252058102	6.52199295640167
Q02985	6.06824086131282	5.90929308582382	6.20554891117303	6.82781902461732	6.94953493301701	6.92718535782637
Q03591	6.44128427192704	6.37503943134692	6.40087943628218	6.69766263347052	6.76155123244448	6.78659636189081
Q04917	6.66391384211598	6.52669484554198	6.4262647547021	6.53915881110803	6.72383156649532	6.55151601762801
Q06033	5.94719858426206	5.96578428466209	5.96347412397489	6.93781516880342	6.96462966672059	6.96116025813664
Q06323	6.73063995591679	6.64961545906341	6.62205181945638	7.06824086131282	7.09275714091985	7.02125762056052
Q06481	7.02680005934372	6.98413359454098	6.99548451887751	6.30012372456901	6.33449676839042	6.28725064325462
Q06830	6.62205181945638	6.62058641045188	6.5894638929561	6.87897051015108	6.92005505480697	6.90448409790142
Q07507	6.93899143877554	6.35755200461808	6.63517394667492	6.92243574023315	6.9518675043269	7.1053847492476
Q07954	7.27705487614873	7.17592374206376	7.25077213159993	6.29278174922785	6.38715571766298	6.35579154675365
Q08380	7.52904005609508	7.49745269597724	7.4797802640291	5.98413359454098	6.01122725542325	5.87282875953489
Q08431	7.24222139509837	7.03562390973072	7.49425558654498	6.55151601762801	6.27798474729977	6.23266075679027
Q08629	6.75488750216347	6.74819284958946	6.7292808460274	6.73606362787181	6.75888943272096	6.75355105460065
Q09328	6.80348537559595	6.71836162613835	6.75888943272096	6.53138146051631	6.69348695749933	6.51884982870769
Q0P6D2	7.08321336824898	6.97498811199193	7.12205144771389	6.52669484554198	6.60584986719498	6.58796498888268
Q10471	6.50303064564116	6.44625622988956	6.52669484554198	6.74281466986289	6.74685018309805	6.75355105460065
Q10472	7.27984269352035	6.90689059560852	7.26959425168337	6.55458885167764	6.68650052718322	6.60584986719498
Q12797	7.10013667128545	6.85673675611911	6.98299357469431	6.54225804976692	6.47897180503294	6.51412226017071
Q12805	7.33985000288462	7.33806779754262	7.30651744524982	6.34695688937888	6.37503943134692	6.3019533951261
Q12841	6.93428059364002	6.92005505480697	6.95070169008901	6.62351574149055	6.67666233485797	6.65105169117893
Q12860	6.85049941375812	6.90568784852686	6.86294724802092	6.72383156649532	6.66533591718518	6.63081315229913
Q12907	7	7.01234519041983	7.04984854945056	6.62643913669732	6.61323695471633	6.62351574149055
Q13217	6.97727992349992	6.93545974780529	7.00225245173138	6.4093909361377	6.54225804976692	6.45285896471381
Q13228	5.86294724802092	5.79960542245267	6.03342300153745	7.09592441999854	7.04439411935845	7.04657836662033
Q13275	6.80348537559595	6.78790255939143	6.85798099512757	6.56071495447448	6.5668151540109	6.58044701959866
Q13332	6.97956810009519	6.91886323727459	6.88874324889826	6.45285896471381	6.42122329922514	6.40599235967584
Q13510	7.07146236255662	7.0948694327187	7.07895134139482	6.32192809488736	6.28909670241999	6.30924896081662
Q13790	6.10643207781693	6.0639343057541	6.10223819393074	6.43962313755712	6.45779126025604	6.44625622988956
Q14019	6.91647664443772	6.87528859822269	6.97956810009519	6.12928301694497	6.08321336824898	5.95419631038687
Q14055	7.21723071622067	7.19377174339668	7.21626083716506	6.456149034648	6.43462822763672	6.44790974874208
Q14118	6.94016675048282	6.91408609701272	6.96578428466209	6.46270675067016	6.4870360800319	6.53294028837287
Q14393	6.93545974780529	6.98413359454098	7.01122725542325	6.44790974874208	6.38715571766298	6.36282052553426
Q14508	7.24792751344359	7.24697805961472	7.24412594328373	6.35049724708413	6.5668151540109	6.22496636500027
Q14515	6.69627208392586	6.69209237542757	6.67948009950545	6.51884982870769	6.53449743373817	6.51727569320958
Q14520	6.47248777146274	6.47735352663456	6.45285896471381	6.55612281784117	6.56985560833095	6.5668151540109
Q14563	6.99548451887751	7.10433665981474	7.05961485629722	6.762880292917	6.70043971814109	6.6409679104499
Q14624	6.1333991254172	6.13750352374993	6.13134253912326	6.64817779572482	6.62058641045188	6.64673869830785
Q14697	6.79181407116183	6.61470984411521	6.75087443965685	6.85673675611911	6.72655877910497	6.65248649491816
Q14766	6.86046625851717	7.07253459972295	6.93428059364002	6.55458885167764	6.74550626586916	7.00337736020232
Q14767	7.23266075679027	7.23266075679027	7.22207035524718	6.43962313755712	6.46597446450407	6.36632221424582
Q14956	7.4446008137115	7.31741261376487	7.35314682549808	6.48864353985378	6.4643415327611	6.35402893805439
Q14982	7.22207035524718	6.9518675043269	7.13237119873254	6.63372181264101	6.68509917200661	6.57742882803575
Q15063	5.08746284125034	5.17392693199981	5.36106648879432	7.25455625190949	7.35314682549808	7.21431912080077
Q15084	6.91528186586766	7.00898878322726	6.93428059364002	6.52669484554198	6.62351574149055	6.5438051759644
Q15113	6.46597446450407	6.42290574261218	6.4262647547021	6.73741636593706	6.79960542245267	6.81506301719287
Q15223	6.81121411751324	6.72109918870718	6.6906964439777	6.80348537559595	6.49185309632967	6.70043971814109
Q15582	6.95652136333312	6.91767043436176	6.94251450533924	6.38543103719352	6.39403389536778	6.36981542428391
Q15818	7.34607044078517	7.20652601587743	7.37503943134692	6.29094040240368	6.39746072605472	6.42961596420174
Q15828	6.70873904135958	6.71011763204345	6.61470984411521	6.44790974874208	6.57742882803575	6.61470984411521
Q15904	6.99661471481536	7.06285565520599	7.01122725542325	6.73063995591679	6.7983097824546	6.74281466986289
Q16270	6.93781516880342	6.88874324889826	6.90809234081827	6.77214959078454	6.82017896241519	6.81249822533356
Q16610	6.80348537559595	6.77082904603249	6.79571500650173	6.63952159951083	6.64673869830785	6.62058641045188
Q16620	6.79051141189419	6.70873904135958	6.60288440871842	7.02901108665907	6.89845023280787	6.96578428466209
Q16658	6.77346892790519	6.656782364219	6.67383905599044	6.58345891013077	6.53138146051631	6.56529252058102
Q16706	7.30833903013941	7.41447383643093	7.3037807481771	6.19179950106508	6.49825086752783	6.29462074889163
Q16769	6.97384083953315	6.99661471481536	6.90809234081827	6.44790974874208	6.5438051759644	6.61176256006487
Q16849	7.38543103719352	7.03782146543497	7.11374216604919	6.6724253419715	6.79441586635011	6.76155123244448
Q16853	6.69905184401685	6.79701297783614	6.762880292917	6.6906964439777	7.04111153536915	6.89117612475454
Q16874	7.36981542428391	7.29645740737124	7.2364926183813	6.25738784269265	6.24031432933371	6.18189764310839
Q17R60	8.02680005934372	8.02403150151675	7.78332568481352	5.61470984411521	5.53915881110803	5.19770815795585
Q1L6U9	7.46515822966425	7.19278595925112	7.45697038112101	6.62789861587175	6.47735352663456	6.62205181945638
Q4KMG0	7.07895134139482	7.02790599656988	7.0948694327187	6.44128427192704	6.43128865429159	6.46270675067016
Q53EL9	6.87897051015108	6.86542397831313	6.87405920314115	6.71287086768991	6.72246602447109	6.69209237542757
Q5JWF2	7.40087943628218	7.48623167798101	7.35843142862635	6.38024459047818	6.18189764310839	6.22303633790187
Q5JXB2	6.14974711950468	6.57591736111815	6.31650781910311	7.06177619758669	7.05202456048283	6.99095486039699
Q5KU26	7.19672506078603	7.16087986183931	7.21042783040149	6.29094040240368	6.31469652565629	6.27052894238072
Q5T0I0	6.86046625851717	6.66106547980695	6.59395128394841	6.47735352663456	6.44790974874208	6.40087943628218
Q5T1H1	7.44294349584873	7.5298209465287	7.44128427192704	6.35049724708413	6.37851162325373	6.34340782229781
Q5T9B7	5.66106547980695	5.73876783680019	5.74953426766926	7.53760669149529	7.55612281784117	7.52120781622399
Q5VSG8	7.18883607303053	7.25171909260596	7.10852445677817	6.71973105674985	6.52512925120397	6.5438051759644
Q63HQ2	6.42290574261218	6.72519581722666	6.58044701959866	6.32373033752135	6.21140163741847	6.3327079336406
Q6E0U4	6.02680005934372	6.00898878322726	6.08958289312471	7.41616416473313	7.41953889151378	7.43128865429159
Q6EMK4	7.55918586578773	7.56909609526214	7.48220292629596	6.20945336562895	6.12928301694497	5.96809075204526
Q6H9L7	7.27519333390221	7.04548665635946	7.09169983413681	6.4870360800319	6.80348537559595	6.75488750216347
Q6MZW2	6.87897051015108	6.91767043436176	7.02790599656988	6.64961545906341	6.74819284958946	6.77082904603249
Q6UWP8	6.31288295528436	6.33985000288462	6.02680005934372	6.23840473932508	7.36894291440495	7.30560578958543
Q6UX71	6.79441586635011	6.73741636593706	6.71011763204345	6.51096191927738	6.5909612413426	6.61618123133188
Q6UXB8	6.42122329922514	6.36106648879432	6.31469652565629	6.84799690655495	6.69905184401685	6.71149490665009
Q7Z3B1	6.90086680798075	6.99887245399427	6.93663793900257	6.60733031374961	6.66533591718518	6.45121111183233
Q7Z5L0	6.11270013274936	6.89845023280787	6.31831684133498	7.18883607303053	7.30012372456901	6.93545974780529
Q7Z7M0	7.05419729438881	6.96347412397489	6.99887245399427	6.48381577726426	6.4966540825935	6.4708621994137
Q86SR1	6.8008998999203	7.09803208296053	6.80219321694183	6.90809234081827	6.80606622608903	6.90568784852686
Q86UD1	7.12722055048807	7.04548665635946	7.10328780841202	6.43128865429159	6.43962313755712	6.38887833881199
Q86VB7	6.86913111964429	6.80348537559595	6.88386515450979	6.51096191927738	6.54689445988764	6.53449743373817
Q8IUK5	5.14159627838382	5.08321336824898	5.58195375084882	7.41700858678878	7.03121873061072	6.98754825895374
Q8IV08	6.79441586635011	6.82145511910246	6.80477637795583	6.55305325276641	6.64817779572482	6.60880924267552
Q8IWV2	6.37677657188298	6.51727569320958	6.43629511983936	6.51727569320958	6.33985000288462	5.88264304936184
Q8IWY4	6.75355105460065	6.56985560833095	6.5438051759644	6.41616416473313	6.56376827845203	6.74550626586916
Q8IXL6	7.12308675098106	7.09592441999854	7.07788386443832	6.38543103719352	6.30012372456901	6.33806779754262
Q8IZJ3	7.2240016741981	7.2045711442492	7.22303633790187	6.57893871309339	6.57440430902258	6.46270675067016
Q8N114	7.70182625841205	7.70113315484797	7.74146698640115	5.88752527074159	5.82017896241519	5.75488750216347
Q8N126	7.15886210620845	7.01457846492289	7.33449676839042	6.61765111942733	6.4870360800319	6.46597446450407
Q8N3J6	6.89117612475454	6.97956810009519	7.04220656012069	6.86170728658586	6.6667565918848	6.92599941855622
Q8N3Z0	6.92005505480697	6.96000193206808	6.63517394667492	6.8008998999203	6.98185265328974	6.656782364219
Q8N475	6.73876783680019	6.6667565918848	6.75755668893945	6.57742882803575	6.5894638929561	6.58044701959866
Q8NBJ4	7.18090370917938	7.11165734626313	7.18189764310839	6.28725064325462	6.29278174922785	6.29278174922785
Q8NCC3	7.11165734626313	7.18883607303053	7.14567745519564	6.74146698640115	6.73741636593706	6.39574832817903
Q8NHP8	6.73606362787181	6.57893871309339	6.76420813013995	6.68650052718322	6.68229237143083	6.51412226017071
Q8NI22	7.49105137636412	7.36457243229586	7.39917109381982	6.56224242422107	6.68650052718322	6.59693514238723
Q8TER0	7.37330019660839	7.41362792902417	7.38715571766298	6.38887833881199	6.49505552836802	6.47735352663456
Q8TEU8	7.22593041117105	6.94602898951548	7.1053847492476	6.3037807481771	6.22303633790187	6.17192735435346
Q8WVQ1	7.08852325661663	6.91647664443772	7.27239650903748	6.44294349584873	6.53760669149529	6.60880924267552
Q8WXD2	7.08214904135387	7.0703893278914	7.06716542701711	6.36806987653208	6.40599235967584	6.32012359804061
Q8WY21	7.03342300153745	6.97154355395077	7.02458563827827	6.36981542428391	6.467605550083	6.39574832817903
Q8WZA1	6.77082904603249	6.93073733756289	6.75488750216347	6.64241277290506	6.64241277290506	6.7279204545632
Q92520	6.96231765494231	6.90448409790142	6.97384083953315	6.61323695471633	6.69348695749933	6.6906964439777
Q92626	6.77346892790519	6.60584986719498	6.45450493755737	7.01122725542325	6.77741971551583	6.72383156649532
Q92743	7.15886210620845	7.14669594803066	7.17592374206376	6.59842476052772	6.63081315229913	6.55458885167764
Q92752	7.14974711950468	7.00898878322726	7.16087986183931	6.58044701959866	6.64817779572482	6.52669484554198
Q92765	6.43796008833447	6.456149034648	6.46597446450407	6.95070169008901	6.97039353791468	7.00674683244058
Q92820	6.85299758761332	6.90809234081827	6.92362461136832	6.73335434061383	6.63952159951083	6.60436789989375
Q92823	7.07360604057494	7.05528243550119	7.0703893278914	6.52199295640167	6.58345891013077	6.57288966842058
Q92954	5.70597790168252	5.66106547980695	5.74953426766926	6.43462822763672	6.63081315229913	6.48542682717024
Q96CX2	6.86542397831313	6.78267065867701	6.8923910259134	6.82273014794452	7.1405741777099	6.98071082890019
Q96FE7	7.29001884693262	7.26115467261557	7.25550073314839	6.39403389536778	6.43295940727611	6.37155886261196
Q96GW7	6.69209237542757	6.64385618977472	6.67948009950545	6.77610398807316	6.73741636593706	6.83415498140132
Q96HF1	6.70597790168252	6.7279204545632	6.81121411751324	6.72246602447109	6.74011804283313	6.85174904141606
Q96IY4	6.48058827023386	6.456149034648	6.4643415327611	6.47735352663456	6.51254295509686	6.49024921062709
Q96JP9	7.50937914891469	7.43212427264156	7.42794133250948	6.29645740737124	6.18388345903223	6.17392693199981
Q96KG7	7.45697038112101	7.16591193893569	7.00786824333334	6.52356195605701	6.33806779754262	6.60584986719498
Q96KN2	6.67666233485797	6.6667565918848	6.75755668893945	6.58195375084882	6.65248649491816	6.64817779572482
Q96L50	7.06716542701711	6.92481250360578	7.04875931191986	6.10852445677817	6.15177765473205	6.05311133645956
Q96PD5	6.59842476052772	6.5298209465287	6.57742882803575	6.58496250072116	6.61618123133188	6.63517394667492
Q96QV6	6.93191939010004	6.96231765494231	6.8923910259134	6.4110872267986	6.4178525148859	6.37851162325373
Q96S96	6.98868468677217	6.96578428466209	6.97956810009519	6.54225804976692	6.62351574149055	6.55151601762801
Q99435	7.2045711442492	7.00112666545428	7.02236781302845	6.45450493755737	6.50620838930675	6.45121111183233
Q99497	6.65963918701565	6.68229237143083	6.62058641045188	7.08533966935737	7.00674683244058	6.98071082890019
Q99519	7.18883607303053	7.07146236255662	7.14363830992204	6.51727569320958	6.69627208392586	6.53294028837287
Q99538	7.29645740737124	7.15987133677839	7.10223819393074	6.72383156649532	6.72655877910497	6.63952159951083
Q99574	6.83668159332712	6.84674402324487	6.80864246791806	6.67948009950545	6.70182625841205	6.76155123244448
Q99784	7.25833047261243	7.2364926183813	7.30469355747101	6.30742852519225	6.36632221424582	6.20554891117303
Q99969	6.96578428466209	6.84799690655495	6.90689059560852	6.42794133250948	6.40087943628218	6.35931031689044
Q99972	7.22110372536788	7.19770815795585	7.20652601587743	6.52512925120397	6.54225804976692	6.43295940727611
Q9BQT9	6.62058641045188	6.64961545906341	6.58646452588639	6.90448409790142	7.01346225980656	7.03011533090807
Q9BRK5	7.18982455888002	7.01569380710515	7.02458563827827	6.51096191927738	6.56985560833095	6.55612281784117
Q9BS26	7.20359271420771	6.87282875953489	7.00786824333334	6.61323695471633	6.90207357931074	6.82017896241519
Q9BS40	6.19377174339668	6.03782146543497	6.35579154675365	7.27798474729977	7.31197531446116	7.49185309632967
Q9BSG5	6.81378119121704	6.81249822533356	6.79051141189419	6.73606362787181	6.62643913669732	6.61176256006487
Q9BTY2	7.14974711950468	7.21431912080077	7.21140163741847	6.4245862262511	6.40429006444484	6.36106648879432
Q9BU40	6.72655877910497	6.74146698640115	6.78004757606187	6.96347412397489	7.01234519041983	6.99774402605963
Q9BXJ0	7.6006563078263	7.53216108498321	7.58646452588639	6.35049724708413	6.45450493755737	6.01569380710515
Q9BXP8	7.3983161634002	7.36981542428391	7.34607044078517	6.24412594328373	6.23840473932508	6.18982455888002
Q9BYH1	6.65821148275179	6.89360490485829	6.62351574149055	6.67807190511264	6.42961596420174	6.41616416473313
Q9BYJ0	7.06824086131282	7.13545278418517	7.12515513132229	6.51096191927738	6.77346892790519	6.60584986719498
Q9BZV3	7.79311555527435	7.77544567410286	7.80477637795583	5.7839804136838	5.74685018309805	5.48220292629596
Q9H156	7.29737486052832	7.04766925139131	7.30833903013941	6.61911951145322	6.51412226017071	6.5077946401987
Q9H1Z8	7.50462039240355	7.3741700760685	7.38370429247405	6.19179950106508	6.23074100262691	6.19770815795585
Q9H299	6.82654848729092	6.56833618213375	6.80606622608903	6.97613447283165	7.04330075436418	7.02458563827827
Q9H3G5	7.43462822763672	7.38973887867698	7.4110872267986	6.14363830992204	6.02458563827827	5.95419631038687
Q9H4D0	6.99774402605963	6.876516946565	6.99887245399427	6.5713734359732	6.68929916053589	6.47248777146274
Q9H4F8	6.53138146051631	6.54843662469604	6.4757334309664	6.7839804136838	6.66533591718518	6.66533591718518
Q9HAT2	7.23074100262691	7.24887634283713	7.22496636500027	6.17592374206376	6.21723071622067	6.38543103719352
Q9HC57	7.70597790168252	7.56529252058102	7.61102479730735	6.26491169307446	6.39746072605472	6.12722055048807
Q9HCB6	6.71973105674985	6.77873424411784	6.18388345903223	6.78920757534734	6.80219321694183	6.82400405093315
Q9HCQ7	7.47897180503294	7.49105137636412	7.43379405875492	5.98185265328974	5.9518675043269	5.86789646399265
Q9HCU4	6.85049941375812	6.79441586635011	7.22303633790187	6.82654848729092	6.84924870276441	6.59395128394841
Q9NP84	7.06285565520599	7.01792190799726	7.04984854945056	6.24222139509837	6.37155886261196	6.20163386116965
Q9NQ79	6.92005505480697	6.88386515450979	6.89965902637744	6.63952159951083	6.64817779572482	6.62935662007961
Q9NR34	7.25738784269265	7.24697805961472	7.22593041117105	6.46923479366766	6.43796008833447	6.44128427192704
Q9NRN5	6.28909670241999	7.99435343685886	6.54689445988764	6.67948009950545	6.16390121381454	6.31469652565629
Q9NS15	6.64529816394863	6.70597790168252	6.59693514238723	6.67807190511264	6.72109918870718	6.58195375084882
Q9NS71	6.66959375118833	6.27612440527424	6.62497817956904	7.00450139223494	6.73470962022584	7.10328780841202
Q9NUQ9	6.55918586578773	6.34695688937888	6.29094040240368	6.48058827023386	6.38024459047818	6.17392693199981
Q9NZ08	6.89602960297675	6.89845023280787	6.83541884047548	6.63517394667492	6.59991284218713	6.60733031374961
Q9NZ53	7.52512925120397	7.47004872601133	7.4093909361377	6.25550073314839	6.53915881110803	6.16791986555194
Q9NZD4	5.90929308582382	5.97039353791468	6.00225245173138	7.48623167798101	7.51648798090997	7.46107011403305
Q9NZK5	6.52669484554198	7.02014657311178	6.55765515472542	6.5438051759644	6.44956137461324	6.39231742277876
Q9NZP8	6.53605290024021	6.52512925120397	6.53449743373817	6.51727569320958	6.59693514238723	6.67807190511264
Q9P121	6.71836162613835	6.6906964439777	6.69209237542757	6.4245862262511	6.4262647547021	6.4594316186373
Q9P2V4	6.64241277290506	6.7279204545632	6.59245703726808	6.66249036391378	6.6409679104499	6.65391987311942
Q9UBM4	7.10852445677817	7.11478344724985	7.15177765473205	6.52356195605701	6.54225804976692	6.45450493755737
Q9UBR2	6.87282875953489	6.87897051015108	6.86666075081999	6.66106547980695	6.60436789989375	6.68790052248075
Q9UBX1	7.20554891117303	7.15987133677839	7.14771372235215	6.49024921062709	6.59693514238723	6.55612281784117
Q9UGM5	6.4966540825935	6.45121111183233	6.51096191927738	6.58496250072116	6.58044701959866	6.57893871309339
Q9UHG2	6.99548451887751	6.94251450533924	6.99774402605963	6.34518344718767	6.42794133250948	6.34518344718767
Q9UHL4	6.9518675043269	6.8923910259134	6.80992886572143	6.36632221424582	6.4110872267986	6.28355142317431
Q9UJJ9	7.21042783040149	7.04111153536915	7.08533966935737	6.35931031689044	6.39231742277876	6.33985000288462
Q9UKJ1	6.81890167588564	6.7279204545632	6.66249036391378	6.4262647547021	6.28169825009883	6.13955135239879
Q9ULI3	7.20554891117303	7.12308675098106	7.18189764310839	6.55918586578773	6.48864353985378	6.38370429247405
Q9UM22	7.02901108665907	7.11997860965488	7.06177619758669	6.69209237542757	6.62058641045188	6.7292808460274
Q9UMX5	6.57742882803575	6.47897180503294	6.57591736111815	6.55918586578773	6.53138146051631	6.50937914891469
Q9UNW1	6.95535930524299	6.90086680798075	6.95303237725324	6.57440430902258	6.64385618977472	6.62935662007961
Q9Y279	6.8972404255748	6.73876783680019	6.83415498140132	6.75221336786514	6.46107011403305	6.3110671022556
Q9Y287	7.05853297020161	6.97269265400426	6.97039353791468	6.65248649491816	6.69209237542757	6.63952159951083
Q9Y2E5	7.14669594803066	7.13647851834917	7.09064175191785	6.55765515472542	6.50620838930675	6.57288966842058
Q9Y490	6.93899143877554	6.7839804136838	6.71699089440494	6.64385618977472	6.65105169117893	6.75087443965685
Q9Y4L1	7.02790599656988	7.02901108665907	6.95070169008901	6.64961545906341	6.62351574149055	6.5453506448223
Q9Y5W5	6.73470962022584	6.71836162613835	6.80477637795583	6.85049941375812	6.84046323386954	6.85424505422013
Q9Y5Y7	6.56071495447448	6.5909612413426	6.58646452588639	6.5668151540109	6.68509917200661	6.66249036391378
Q9Y646	7.43629511983936	7.39231742277876	7.35579154675365	6.31288295528436	6.31831684133498	6.32912359629157
Q9Y6R7	7.22881869049588	7.20554891117303	7.19869058566892	6.18189764310839	6.20163386116965	6.14567745519564
S4R460	6.03562390973072	6.01792190799726	6	6.08321336824898	6.08533966935737	6.10013667128545
U3KQK0	6.87282875953489	6.90689059560852	6.89117612475454	6.65248649491816	6.64529816394863	6.61618123133188
V9GYM3	6.49984588708321	6.4757334309664	6.51884982870769	6.43962313755712	6.4446008137115	6.4093909361377
X5DQS5	6.96578428466209	6.93191939010004	6.94016675048282	6.45121111183233	6.51096191927738	6.46270675067016
X6R8A1	7.24982454861618	7.31560245663795	7.24031432933371	6.47897180503294	6.40258575823259	6.34872815423108
X6R8F3	6.55612281784117	6.48542682717024	6.62058641045188	6.59693514238723	6.69348695749933	6.64817779572482
